62.116896
61.421153
62.012137
61.580766
60.875792
61.772545
61.463662
61.8818
61.723796
60.485392
62.377032
61.908703
61.863155
61.606086
63.683468
63.410667
61.693578
63.16302
63.277069
61.704838
61.918726
63.150809
61.760886
61.684872
63.657326
61.614521
63.825472
62.133116
62.125353
61.590449
61.402997
61.495893
61.562621
60.544231
61.399234
63.853184
61.763236
61.573812
62.074823
62.821254
61.881715
63.092352
61.843066
61.501012
61.632379
59.811476
62.726881
62.010381
61.620094
61.855734
61.494669
61.957901
59.768466
62.004895
61.671756
63.682465
61.297718
65.028365
59.162144
61.843272
61.80558
61.744736
62.043051
62.368128
61.766295
61.608895
61.980797
61.866011
61.330307
62.037978
61.765281
62.022095
61.476222
61.873918
61.679958
62.630402
61.72238
61.733623
61.611772
62.052447
62.085299
60.585217
61.82067
60.5814
61.957948
61.684221
61.832045
62.226509
61.996818
61.205884
63.794312
62.581315
60.257137
61.238248
62.557687
61.846747
63.426373
61.672811
61.716458
62.073065
61.663514
61.486952
61.80059
62.083584
61.511075
62.644169
61.965059
61.81298
61.721836
63.907675
61.847796
61.831621
62.1341
61.499441
61.512252
61.69144
60.352157
61.699968
61.4051
61.999113
60.587681
61.860422
61.891935
61.509736
58.949492
61.262171
61.390363
61.805966
61.845574
61.445503
63.596674
60.266668
61.89383
61.78473
61.407162
61.590497
61.795905
64.608307
61.304222
60.839093
63.838627
61.834119
62.029111
61.976055
62.149703
62.048524
61.842869
60.798395
62.107974
61.64879
61.614161
61.427881
63.606286
61.597634
61.702611
61.677409
61.568907
61.247353
61.509838
59.917847
61.415673
61.795036
61.657978
61.878322
60.140377
62.198911
61.537331
60.393912
61.671047
61.645312
61.851219
61.410947
61.338061
61.500667
61.584868
61.656916
61.418335
61.748377
62.032683
60.673477
62.251152
61.922058
61.951566
62.064219
61.406721
61.972297
62.980073
63.34529
61.643207
61.775764
61.784351
63.737737
61.97895
61.983387
59.393839
61.770679
61.828996
61.654732
61.883028
61.809277
61.787614
61.754769
62.216908
62.103552
61.672412
61.798906
62.448755
61.721345
61.620224
61.864675
61.897934
61.677839
59.940641
61.749795
61.730705
61.74334
61.68918
61.686403
61.815207
61.842294
63.618693
62.170905
61.829936
61.952099
61.847095
60.2881
61.735389
61.440421
63.707411
61.572372
60.977712
61.286556
61.540692
62.29361
62.235307
61.406389
61.583055
61.310592
61.675644
60.815747
61.802949
63.273181
61.553127
61.600203
64.077555
63.757462
61.542948
61.401412
61.60055
62.22884
61.583185
63.257922
61.403336
61.819958
62.228557
61.498884
61.283336
62.015113
63.033078
61.829163
61.984763
61.76613
61.480227
61.79804
61.398865
62.237593
61.934058
63.439808
63.668969
61.474665
63.444195
61.703302
63.456788
61.629439
61.803227
63.688475
61.683049
61.944671
61.71813
61.528183
60.574837
60.97988
61.78465
61.330916
59.929515
61.920169
62.018369
60.25687
61.674135
61.581163
63.568763
63.214481
61.865717
63.008179
61.544396
61.720807
61.892096
61.769339
59.443949
61.742156
60.58964
61.829726
64.116591
61.686587
59.984561
62.070411
60.168793
61.968381
62.059325
61.756676
59.876231
62.118482
61.741866
63.7391
61.570577
61.469168
61.83335
61.590429
61.587756
61.341764
60.254122
61.653163
61.504324
61.730858
61.783609
61.756469
62.380829
61.3772
61.514698
64.005923
61.751206
61.363551
61.569138
63.01776
61.9385
62.082408
61.805828
64.124292
62.258913
61.80202
61.974469
60.017012
61.894225
61.574159
61.720181
61.766538
60.095207
63.502063
59.854782
61.513035
60.081267
61.567798
61.287833
61.84028
62.359027
61.741732
61.293247
61.241408
61.710337
61.434777
63.405986
61.55324
61.479722
61.731503
60.65613
61.9704
61.813002
61.776681
62.139864
61.550031
61.59799
62.524992
61.176667
63.080178
61.63076
61.938741
61.614196
63.754481
60.106945
61.809338
61.529775
63.968395
61.92435
61.57882
63.520605
61.665496
61.840407
61.261016
61.462848
61.694681
63.877111
61.662935
62.151389
61.155896
61.602316
61.516334
60.575482
63.592016
61.895296
61.210275
61.766018
61.523149
61.506432
61.581157
61.933427
61.920102
61.819847
61.734073
61.687307
60.07824
61.55442
61.80951
63.696253
62.334266
61.805685
61.613273
62.231303
61.562944
59.482955
61.398813
60.515834
60.568874
61.628307
60.615367
61.556181
62.045608
61.664694
61.835836
61.84833
61.828033
63.761281
61.727464
63.603373
61.865088
61.884685
61.646543
62.048526
61.835587
63.372604
61.951548
61.887746
61.51623
61.690366
60.380351
64.527852
61.483214
61.931391
61.614795
61.994524
61.869214
61.361936
61.591602
61.949263
61.420858
61.534427
60.372965
62.061108
61.58708
61.648513
62.00083
64.039482
60.228444
61.636225
60.544737
62.594622
61.984855
61.764673
61.716559
62.18927
61.717268
61.603411
61.975622
63.555693
61.624212
63.58608
61.906781
60.386093
61.589875
61.686259
62.082973
61.888298
61.489145
60.955012
61.780596
63.430768
61.859935
61.533988
63.442461
61.950856
61.639586
61.712062
61.863811
60.312188
62.225011
61.527936
60.509913
61.844068
61.564844
60.255682
61.776406

