55.366812
55.41063
55.443633
54.910082
55.047614
55.046491
55.226
55.192757
55.723209
54.956494
54.433941
53.459232
55.365783
55.189011
54.631978
54.250838
55.051784
54.46968
54.618705
54.360332
55.223961
55.400536
55.325584
55.393171
55.43922
54.687393
55.331373
55.109081
54.64279
55.284511
55.078006
55.318601
54.819969
55.130918
55.184567
55.290397
54.947546
55.144773
55.159383
53.661505
55.247134
54.788777
55.117784
54.590083
55.840035
55.307408
54.948053
54.25458
55.368548
55.652967
54.93711
55.452453
55.342442
55.00196
55.376303
55.308281
55.515456
55.484774
55.25833
55.529618
55.11615
55.208193
54.896284
55.173528
53.97557
55.357471
54.906878
55.173919
54.855526
55.085229
54.890247
54.944011
55.387147
56.123062
55.078903
55.140465
54.933471
55.249784
54.809765
55.2936
54.734749
55.216289
54.429992
54.519577
54.722268
54.565864
55.231488
55.390195
55.089207
55.071419
55.340163
54.524783
55.596042
55.835253
52.983313
54.413995
55.337351
54.79525
54.852261
55.641162
54.955455
54.789279
55.544098
55.046134
55.467239
54.580838
54.919025
53.956899
55.345869
54.956487
55.581247
55.275417
55.155511
54.984485
54.826113
55.079872
54.921663
53.727076
55.531228
55.479454
55.419008
55.43651
53.457028
55.875043
54.99506
55.363086
55.026315
55.147754
55.673319
54.911687
55.437782
55.251079
55.220853
54.737601
55.363178
55.11543
55.3529
54.624238
54.932866
55.020102
55.23131
54.891337
54.700349
54.261204
54.923688
55.357279
55.035414
54.678794
55.109974
55.011089
55.532085
54.76668
54.937934
54.947032
55.327926
55.188324
54.932911
54.451363
54.665804
55.041163
55.540009
55.105543
55.170937
54.959105
55.341779
54.30967
54.780218
54.665216
54.563891
54.442283
54.425989
55.108539
55.226921
55.173145
61.129583
60.068978
61.847248
55.064109
59.401364
52.550585
60.226945
55.091334
57.035435
50.701091
52.949068
54.297433
60.929478
62.449358
61.358529
52.984187
49.599692
51.241302
57.144555
62.690617
60.208868
55.274826
57.660278
62.684675
56.595704
51.46424
55.681941
59.381096
55.627316
57.639254
57.953103
63.534692
63.142203
54.696356
54.458983
53.981209
55.703143
54.891793
54.769931
55.387118
55.658567
54.525886
54.760599
54.904823
54.843374
55.531311
55.370441
55.258209
55.091233
55.072749
55.54323
54.863877
54.663548
55.153557
54.132897
55.523083
55.250289
54.496784
54.753493
55.55728
57.522101
55.069774
54.759753
54.934607
56.713817
54.987203
55.220413
54.917173
55.118488
55.637251
54.991318
55.039518
54.682187
55.625627
55.256612
54.878674
55.766909
55.149175
55.528194
54.967033
55.184214
55.339778
54.622875
55.033349
53.478159
55.278816
55.261376
54.684667
55.267427
55.589206
55.609069
54.431071
54.634596
54.882259
55.358284
55.407708
54.883328
55.128888
55.038611
55.015178
54.808012
54.474438
54.621168
55.379708
55.653842
55.109033
55.100122
55.568807
55.29485
54.691014
55.058394
54.909552
55.318658
52.389117
55.314501
54.757256
55.21875
54.89133
54.695143
55.481022
54.793577
54.912359
54.372173
55.335381
55.035687
55.393888
54.916035
54.69014
54.953056
54.521547
54.671433
55.509244
52.409119
52.645564
54.85072
54.417089
54.852873
53.567959
55.861918
55.634917
55.568185
55.386694
55.457237
55.451674
55.054204
52.348277
55.161623
55.679115
55.479722
55.721975
55.013001
54.606406
55.195301
55.763814
55.516704
54.915145
55.38314
55.490382
54.727284
55.395313
54.765074
53.79421
55.094165
54.852662
55.507538
55.18635
55.032483
55.635376
55.290752
55.475058
54.708602
55.449921
55.094289
55.486924
54.948235
55.479082
54.556016
55.434681
55.301977
53.798622
55.126454
55.336904
51.463333
55.011211
54.832952
54.941856
55.313379
55.181527
53.577513
55.468606
55.527949
55.331738
55.248626
53.414237
55.105843
53.347952
55.295631
55.361174
55.497261
55.389609
54.886803
54.683133
55.749247
55.923372
55.619838
54.933895
55.621422
55.379225
55.303737
54.526084
55.05903
55.592343
54.673819
55.216751
55.25709
55.41214
55.254624
55.626652
54.727392
54.820698
54.816127
54.780209
55.272888
55.398257
55.848862
54.923672
54.74154
55.039712
55.159622
54.558508
54.900025
54.781442
55.373748
55.016919
54.905334
55.711335
55.134169
55.633914
54.608679
55.358674
54.461089
54.968804
55.120832
55.521957
55.72139
55.038202
54.911034
55.147365
55.654969
55.321326
54.841234
54.922818
55.483521
54.995293
55.112003
55.306158
54.608363
55.034735
55.184312
54.888571
55.214715
55.187682
55.31328
54.832461
55.037176
55.239207
55.40889
55.543188
55.021207
54.600008
55.841242
55.068582
55.541745
54.935098
55.25617
55.140338
54.886316
55.354227
55.176271
55.299906
55.368718
55.335418
55.123797
54.853709
55.453136
55.300016
55.19522
55.30518
55.213187
54.946514
55.390198
54.260843
55.773178
55.308956
55.193438
55.242521
55.163512
55.448478
54.655632
55.644855
54.989933
52.323314
54.432225
53.672519
55.235832
55.384886
53.279365
54.800765
54.668991
54.280566
53.619951
54.630028
54.785346
51.662261
54.744611
54.983034
54.877144
55.627596
55.634215
55.855088
55.139906
54.753652
54.81679
54.89226
55.073505
53.593837

