61.544428
62.5634
63.467252
63.395423
63.19851
59.540895
61.04208
58.554518
60.845205
62.784489
61.905611
58.047933
61.506144
61.928501
63.857312
61.491002
61.054582
60.301773
59.430824
61.430475
63.645843
62.088993
62.394559
63.151341
63.240568
61.299462
62.330542
61.70201
62.586959
61.675203
62.595421
62.836773
61.848017
60.673316
63.587523
63.779057
62.705284
62.699268
63.082984
62.202425
63.351258
63.077343
61.877431
60.363656
62.564446
61.264193
61.543739
59.251611
61.802258
61.911934
62.641915
63.969908
63.594119
61.657097
62.373066
63.675076
61.789139
62.198636
61.07753
61.844615
62.735807
63.492225
61.807129
62.215758
60.014718
61.923029
62.184924
62.832157
61.097612
62.12243
60.663366
63.502517
61.302427
62.092808
61.665426
63.373831
62.72765
61.811535
62.666127
62.340994
63.242095
64.182108
61.714582
62.194504
60.230505
62.332719
62.152484
63.439144
63.286812
62.530472
61.037983
62.544529
61.6341
62.336569
60.47184
58.313124
61.074211
62.961287
61.611957
61.570968
60.449876
62.585621
60.846804
61.95671
61.259837
62.057294
61.005178
61.603691
61.989885
63.598172
61.710172
60.824888
63.246289
60.228905
62.100718
61.805943
62.404055
62.10604
61.704766
62.051099
63.048268
61.766417
62.348548
62.760098
61.517402
62.363678
61.133526
61.391055
61.317024
62.314998
63.424877
61.864442
62.826647
62.083258
62.316168
62.136831
62.728443
63.558776
58.697855
62.15459
62.75298
61.235384
62.535421
61.846239
62.705173
61.427884
61.265211
61.364894
61.708525
60.713997
62.080321
61.917263
61.754048
62.148749
60.57123
61.20183
58.671401
63.587869
63.784753
63.859158
59.038649
62.794577
58.26448
63.818422
61.500684
62.378109
61.632516
61.012984
61.559394
62.434113
62.108871
62.194435
62.730527
61.92711
61.848735
61.640842
63.079028
61.488519
60.70303
61.705793
61.505929
62.758998
62.180135
59.87363
61.403817
60.198667
62.120053
61.678529
62.320311
62.075115
62.656222
61.832333
62.800448
66.14265
61.648413
59.734481
61.288142
60.931241
61.534514
61.506415
61.744682
61.956729
62.26333
61.76954
60.357979
61.657312
61.533295
61.915375
61.784211
61.696494
61.717463
62.615006
61.903083
62.581272
63.194416
61.077246
62.900303
60.234531
61.932946
62.935027
63.168597
61.466113
61.032428
63.178455
62.0939
60.063194
62.933224
62.539491
61.486961
61.882751
62.841767
61.826603
62.860541
61.2208
62.726785
65.254743
63.813452
61.547121
61.328361
63.167072
62.012251
61.30959
59.58381
61.724849
61.510359
61.77652
60.887062
62.991158
63.270156
61.775287
61.867617
61.23916
62.084764
61.365338
62.775454
61.875903
62.598054
61.876958
61.830132
63.790168
61.598608
62.72734
61.685033
62.81949
58.981617
63.722706
62.855209
58.520311
62.22743
60.157359
62.754778
60.402375
62.901636
62.777619
63.368602
60.259675
59.735573
62.324079
63.160783
64.333374
58.362288
63.294482
61.777014
61.916689
57.872392
61.395788
62.232926
63.6743
62.162545
61.648829
61.89032
62.671805
62.822572
63.36474
62.931629
63.15995
59.151875
62.582482
61.886683
60.544631
58.445195
60.484353
61.875728
62.209689
62.893189
63.690778
61.55487
62.018483
63.809264
60.283366
61.957565
62.167395
62.780245
61.498376
61.396176
60.96468
59.374773
60.897761
61.64467
62.405949
61.517016
62.525813
61.748823
63.27864
63.29867
58.889336
64.334793
61.201321
63.353506
61.758021
61.924315
60.757623
63.276068
60.401083
62.664559
63.93425
60.4545
60.477778
60.126623
62.978622
63.481208
61.443143
61.813106
63.271104
61.209512
62.738554
61.853248
62.174397
61.249007
62.374389
59.362511
62.931264
65.110114
60.980898
59.939747
63.468813
61.175491
62.026613
61.927698
61.92184
61.703774
60.538669
60.099491
61.152557
63.141924
62.609206
63.319356
62.926801
61.471524
61.786786
61.880431
61.702593
60.761484
60.591148
61.927487
61.628126
61.871008
62.269886
59.416506
60.677691
60.716934
62.37309
61.387529
62.074537
63.492139
61.396039
61.158323
62.001359
62.134074
63.375742
62.023346
61.640992
62.502647
63.472706
61.388859
62.661595
60.509175
62.296505
61.997725
61.321499
61.689297
61.284951
62.222293
62.6968
62.313505
62.309948
61.835776
61.357994
61.344315
59.784686
60.456823
60.451394
60.94507
61.248354
60.151575
61.723729
60.826727
61.75567
62.519068
62.726958
63.801943
61.811549
62.146567
62.82986
61.040375
58.969442
61.936762
60.08686
62.378626
63.259488
62.064463
61.507284
65.329967
63.418811
60.916222
62.426551
65.106371
61.835971
60.378962
62.732748
63.030644
61.977318
60.297186
62.513391
62.804791
61.956979
62.529943
63.442872
64.336698
62.02117
62.058299
62.228423
62.276563
62.179817
61.714124
62.600338
63.34499
61.799647
61.067627
61.920933
61.182213
62.110707
63.812804
63.414286
59.684998
61.400803
60.804023
61.660034
61.62207
61.548979
61.114595
62.605748
62.193219
63.319701
61.581703
61.575103
62.179109
59.67908
62.802709
61.836151
63.068109
62.905771
61.648232
61.789243
61.43425
61.790642
61.941889
60.066153
62.728373
61.271669
60.254682
62.695659
61.896084
63.512033
61.601448
62.319318
61.577381
62.110301
61.642312
62.170752

