1.7907289872491928e-08
1.8309763547013471e-08
1.8721955826217172e-08
1.9144115196216413e-08
1.9576496525401678e-08
2.0019361557744721e-08
2.0472979075388021e-08
2.0937625096665704e-08
2.141358308798315e-08
2.1901144184980771e-08
2.2400607423255151e-08
2.2912279979393472e-08
2.3436477423382506e-08
2.3973523983603464e-08
2.4523752825820396e-08
2.5087506347846525e-08
2.5665136491871416e-08
2.625700507680226e-08
2.6863484153427534e-08
2.7484956385690067e-08
2.8121815462112346e-08
2.8774466542189032e-08
2.9443326743395282e-08
3.0128825675833975e-08
3.0831406032856795e-08
3.1551524247860479e-08
3.2289651229422935e-08
3.3046273189807022e-08
3.3821892584990668e-08
3.4617029188422437e-08
3.5432221325542049e-08
3.6268027302258026e-08
3.7125027068181747e-08
3.8003824164332343e-08
3.8905048017159775e-08
3.982935665438916e-08
4.0777439936438485e-08
4.1750023419134406e-08
4.2747872991029083e-08
4.3771800463296065e-08
4.4822670333099324e-08
4.5901407995589479e-08
4.7009009747330321e-08
4.8146555009273192e-08
4.9315221304340966e-08
5.0516302659938739e-08
5.1751232275566889e-08
5.3021610511033021e-08
5.4329239522422846e-08
5.5676166216818142e-08
5.706473563301163e-08
5.8497657406890638e-08
5.9978088681425285e-08
6.1509737708292602e-08
6.3096993514023982e-08
6.4745088428991314e-08
6.6460302079791031e-08
6.8250217720429168e-08
7.0124044639970146e-08
7.2093023970994472e-08
7.4170939697047103e-08
7.6374762199858077e-08
7.8725458502144364e-08
8.1249011656878314e-08
8.3977701711064995e-08
8.6951712490031944e-08
9.0221142185474047e-08
9.3848511314857441e-08
9.791187874253275e-08
1.0250869445051395e-07
1.0776053545553334e-07
1.1381888684451397e-07
1.2087214063269627e-07
1.2915398725329694e-07
1.3895336294914253e-07
1.5062608480489002e-07
1.6460824598837956e-07
1.8143134827449346e-07
2.0173900792012583e-07
2.2630487570010302e-07
2.5605115548903873e-07
2.9206678499741833e-07
3.3562396000970329e-07
3.8819125136266761e-07
4.5144110505749142e-07
5.2724906743195484e-07
6.1768169194236534e-07
7.2496983042374928e-07
8.5146397238894184e-07
9.9956856332047695e-07
1.1716529016013524e-06
1.3699373701476176e-06
1.5963554683161833e-06
1.8523944028150264e-06
2.1389198565744696e-06
2.4559939121167108e-06
2.8026988438056016e-06
3.1769834722500014e-06
3.5755528832589087e-06
3.9938265464411967e-06
4.4259944058097766e-06
4.8652057675654731e-06
5.3039323229874264e-06
5.7345547034254306e-06
6.1502307295311786e-06
6.5461095582531079e-06
6.9209513349120514e-06
7.2791827425933339e-06
7.6333452982612225e-06
8.0067546282791976e-06
8.4359749018769659e-06
8.9724415406963307e-06
9.6823050156991568e-06
1.0643446404726209e-05
1.1938800304752509e-05
1.3645760713481509e-05
1.5822564230648364e-05
1.8493934096984695e-05
2.1639449479516372e-05
2.518843723993703e-05
2.9024149734067124e-05
3.2997561273251681e-05
3.6947986014066826e-05
4.0725198963130572e-05
4.4207179006556884e-05
4.7309572974387212e-05
4.9986755950067625e-05
5.2228014483253323e-05
5.4053796927590968e-05
5.5515190309436727e-05
5.6695771394736843e-05
5.771126749200026e-05
5.8701628886387945e-05
5.9813099965094909e-05
6.117325241644623e-05
6.2866701061739373e-05
6.4920581755045526e-05
6.7305933756828904e-05
6.9955325146089838e-05
7.2791199732599602e-05
7.5756077651632734e-05
7.8835972893266925e-05
8.2071496641331705e-05
8.5555318720039093e-05
8.9418180809078162e-05
9.3807517826824949e-05
9.8862975119755819e-05
0.00010469239556084678
0.00011135097444761745
0.00011882568570882124
0.00012702676600792051
0.00013578772760285975
0.00014487478326619878
0.00015400560957855398
0.00016287611781503697
0.00017119247594435256
0.00017870418049354965
0.00018523277166698898
0.00019069030923521594
0.00019508264192505655
0.00019849527737112878
0.00020106404696007294
0.0002029375159577992
0.00020424128626989109
0.00020505427410226628
0.00020540326787149538
0.00020527585499104898
0.00020464565278553663
0.00020350018644558297
0.0002018619614978002
0.00019979673051479801
0.00019740779699125487
0.00019481937516334399
0.00019215429273063592
0.00018951163548307063
0.00018694907845411761
0.00018447352769407311
0.00018204271002657583
0.00017957923308778491
0.00017699680429150569
0.00017423544227846961
0.00017129914104067724
0.00016828689357357635
0.0001654077875968371
0.00016297376485965769
0.00016136876807282266
0.00016099834775191746
0.00016222748947656389
0.00016531621293713574
0.00017036391931536744
0.00017727597732173107
0.00018576841299822625
0.00019542415646402664
0.00020580202437279701
0.00021657745340790041
0.00022767051646120076
0.00023930639097533804
0.00025196762608294571
0.00026623537828117638
0.00028256287273779879
0.00030105659587950818
0.00032134318996594258
0.00034257193447187083
0.000363557656778484
0.0003830257437164356
0.0003998934496711855
0.00041351419269767273
0.00042382125592215039
0.00043132993229100312
0.0004369895785034881
0.00044191567510846254
0.00044706913124839813
0.00045297330354459155
0.00045955601987942581
0.00046616947864484923
0.00047178369514044123
0.00047528988669587433
0.0004758132539341857
0.00047293614369790413
0.00046677150811065099
0.00045788461517975174
0.00044711206982028876
0.00043535119377493127
0.00042338495509405512
0.00041177865776912347
0.00040085216873257402
0.00039070954318310433
0.00038130080505880212
0.00037249414866507761
0.0003641438967935919
0.00035614545874059221
0.00034847245966894571
0.00034119456118061685
0.00033447851005072527
0.00032857974251636427
0.00032383676458184487
0.00032068430382280779
0.0003197011459626373
0.00032169918616984424
0.00032783493434085343
0.00033968264413698101
0.00035916475318364179
0.00038822694159162756
0.00042821538038082484
0.00047907537902684249
0.00053868417800618813
0.0006027238657511691
0.00066536307606770268
0.00072064233080232072
0.00076403484507840983
0.00079347697126406884
0.00080941076319402793
0.00081393670853752533
0.00080966329804221034
0.00079891300168686685
0.00078356840163378027
0.00076533251831493651
0.00074592976319280246
0.00072693958020504819
0.00070934334698440494
0.00069314089156577842
0.0006773620413701749
0.00066053313769607908
0.00064138707435024589
0.00061950707236528113
0.00059568124413078311
0.00057190234545472505
0.00055105614254300622
0.00053636851377215705
0.0005306754981036771
0.00053561025467308411
0.00055088531575763291
0.00057393352306332073
0.00060016222134122953
0.00062390899385388347
0.00063989719487293035
0.00064471633025578814
0.00063776908954881601
0.00062131797749423706
0.00059964811472122551
0.00057773018584764461
0.0005599219757480401
0.00054913494384455411
0.00054662346878180188
0.00055230270121093173
0.00056537859243239129
0.0005850790034799717
0.00061133687968751768
0.00064533467328877056
0.00068986315241228438
0.00074949692600542197
0.00083065013570924305
0.00094162570547497279
0.0010927775784807425
0.0012968565546840444
0.0015695292225355829
0.0019299870756590554
0.0024015330851293337
0.0030120558747366451
0.0037943635337529874
0.0047864246229523113
0.0060316325301255306
0.0075792701991903482
0.009485432573065139
0.011814814920666349
0.014644050770187475
0.01806770424633404
0.022208529740879671
0.027234022611445342
0.033381248769976286
0.040990931723377685
0.050549149422535918
0.062730210112694224
0.078427356066152323
0.098750116114597955
0.12496138235330878
0.15832827005424013
0.19987348992484269
0.25004086022004413
0.30832655517073776
0.372965903547962
0.44078710090169021
0.50733123021916327
0.56728483814039288
0.61518610152206377
0.6462748779385431
0.65729565252377886
0.64705833102318289
0.61662109606501292
0.56906204799889792
0.50891452733169462
0.44141729525844653
0.37175394564479575
0.30442785665147837
0.24285927046782066
0.18922501420870036
0.14450869309792164
0.10869890943100582
0.081064612666022454
0.060444242226401074
0.045501882406714586
0.034923229895393343
0.02754242396451043
0.022404920983034933
0.01878028684016322
0.016142068016961945
0.014130892356898874
0.012513325513776968
0.011144463374876845
0.009938065376239591
0.0088449441640357489
0.0078385094871959021
0.0069056404558900239
0.0060410798058436856
0.0052439412456411734
0.0045154131874412234
0.003857161910648165
0.0032702194167406945
0.0027542873650058123
0.0023074316823469662
0.0019261246070675984
0.0016055509866558328
0.0013400636101811958
0.0011236655450627018
0.00095041910467393259
0.00081472258487606797
0.00071144240534856597
0.00063592537419569013
0.00058393476894820582
0.00055155403729398159
0.00053508939457648833
0.00053098723947187421
0.00053577290870537007
0.00054601751453713478
0.00055834627203368392
0.00056950657155398069
0.0005765085584965655
0.00057683184090606405
0.00056866413764264747
0.00055111303567020127
0.00052432364847081994
0.00048945034348999025
0.00044846722612835115
0.00040384748564399294
0.00035817938404636841
0.00031380290778139385
0.00027254091883721903
0.0002355672978220492
0.00020341454164709926
0.00017608854807891165
0.00015323889419896697
0.00013433185521483771
0.00011878712395083626
0.00010606015728048868
9.5672317124748541e-05
8.7204775575230517e-05
8.0277249495405161e-05
7.4529923914428732e-05
6.961932845090219e-05
6.5229985119824821e-05
6.10963764116316e-05
5.7026018178062346e-05
5.2914570948805129e-05
4.8747150998015015e-05
4.4584702715049546e-05
4.053870941534908e-05
3.6740321656360459e-05
3.3310623277131009e-05
3.0337495908652323e-05
2.7862181080017824e-05
2.5876103364597864e-05
2.4326510651925388e-05
2.3128317268346651e-05
2.2179156655393988e-05
2.1374829203447387e-05
2.0622822412551265e-05
1.9852226484145161e-05
1.9019098303633485e-05
1.810709970725871e-05
1.7123983107798083e-05
1.6095107868854302e-05
1.5055524807991048e-05
1.4042191175929146e-05
1.3087588018171197e-05
1.2215506630749772e-05
1.1439201533100685e-05
1.0761620484761962e-05
1.0177114365472368e-05
9.6739285721147252e-06
9.2368491088698258e-06
8.8495520066153454e-06
8.4964104244640252e-06
8.1636933107582062e-06
7.8402131011384906e-06
7.5175427644522336e-06
7.1899362692398278e-06
6.8540697219937313e-06
6.5086906804297397e-06
6.1542331519950011e-06
5.7924322756001153e-06
5.4259574700751033e-06
5.0580746850739666e-06
4.6923448208153678e-06
4.3323639277147793e-06
3.9815496880973899e-06
3.642977027815887e-06
3.319263353294635e-06
3.0125011715740495e-06
2.7242332195634904e-06
2.4554631552083056e-06
2.2066936316017045e-06
1.9779832637465455e-06
1.7690145070495317e-06
1.5791655814767693e-06
1.4075810349559346e-06
1.2532370970854622e-06
1.1149994344108622e-06
9.9167215467492026e-07
8.8203785948586847e-07
7.8488920695528451e-07
6.9905284906578795e-07
6.2340680341683226e-07
5.5689236203477404e-07
4.9852158364128856e-07
4.4738130359308685e-07
4.0263446003464283e-07
3.6351939739457304e-07
3.2934768205297749e-07
2.9950085593839459e-07
2.7342646352651829e-07
2.5063361506091421e-07
2.3068829126209476e-07
2.1320854943036711e-07
1.9785975490931653e-07
1.8434993304740367e-07
1.7242531328760057e-07
1.6186611754534819e-07
1.5248262873451669e-07
1.4411156160854366e-07
1.366127466397046e-07
1.2986612823463363e-07
1.2376907099832515e-07
1.1823396186022226e-07
1.1318609150831774e-07
1.085617955667887e-07
1.0430683412527158e-07
1.0037498739189664e-07
9.6726845214821025e-08
9.3328768819146896e-08
9.0152004174900617e-08
8.7171927802967628e-08
8.4367407415057484e-08
8.1720261471578606e-08
7.9214803444105964e-08
7.6837458231748078e-08
7.4576439754422742e-08
7.2421480207071555e-08
7.036360278855008e-08
6.8394930910869475e-08
6.6508527949046983e-08
6.4698262514058511e-08
6.2958695030208008e-08
6.1284982082865865e-08
5.9672795587070984e-08
5.8118254320746224e-08
5.6617865781720551e-08
5.5168476675608627e-08
5.3767230630716497e-08
5.2411531977248274e-08
5.1099014626502789e-08
4.9827515250844521e-08
4.8595050100271683e-08
4.7399794903389088e-08
4.6240067392709747e-08
4.5114312069396003e-08
4.4021086885672951e-08
4.295905157405747e-08
4.1926957395262159e-08
4.0923638112021669e-08
3.994800202505259e-08
3.8999024931746954e-08
3.8075743888706046e-08
3.7177251676007526e-08
3.6302691875453928e-08
3.5451254487290159e-08
3.4622172019751266e-08
3.3814715994940862e-08
3.3028193821493403e-08
3.2261945991187692e-08
3.1515343561821629e-08
3.0787785893662784e-08
3.0078698610460752e-08
2.9387531759910951e-08
2.8713758151275909e-08
2.8056871850483246e-08
2.7416386815595947e-08
2.6791835657284577e-08
2.618276851086834e-08
2.5588752008082791e-08
2.5009368337897544e-08
2.4444214387181992e-08
2.3892900952803585e-08
2.3355052017938172e-08
2.2830304085956623e-08
2.2318305566125442e-08
2.1818716205989258e-08
2.1331206565821559e-08
2.0855457530995922e-08
2.0391159858763412e-08
1.9938013756052275e-08
1.9495728485483171e-08
1.9064021996930682e-08
1.8642620582385356e-08
1.8231258552003896e-08
1.7829677929472141e-08
1.7437628165081567e-08
1.7054865864957921e-08
1.6681154535131618e-08
1.6316264339249331e-08
1.5959971868847503e-08
1.5612059925169467e-08
1.5272317311691446e-08
1.4940538636546818e-08
1.461652412413716e-08
1.4300079435232151e-08
1.3991015495058277e-08
1.3689148328737666e-08
1.3394298903678494e-08
1.3106292978429321e-08
1.2824960957577633e-08
1.2550137752377865e-08
1.2281662646734021e-08
1.2019379168217549e-08
1.1763134963879134e-08
1.1512781680553222e-08
1.1268174849452771e-08
1.1029173774789052e-08
1.0795641426261268e-08
1.056744433518296e-08
1.0344452494113045e-08
1.0126539259779897e-08
9.9135812592032181e-09
9.7054582988227255e-09
9.5020532765337332e-09
9.3032520964951381e-09
9.1089435865939757e-09
8.9190194184666267e-09
8.7333740299715706e-09
8.5519045499967389e-09
8.3745107255596246e-09
8.2010948510739879e-09
8.0315616997091993e-09
7.8658184567828132e-09
7.7037746551004097e-09
7.5453421121818382e-09
7.3904348693217463e-09
7.2389691326461548e-09
7.0908632177336024e-09
6.9460375051725442e-09
6.804414286261534e-09
