6.8962361855356599e-08
7.0512324987712097e-08
7.2099715864620861e-08
7.3725491488815317e-08
7.539063344801151e-08
7.7096149815320115e-08
7.8843075775985062e-08
8.0632474390989617e-08
8.2465437413670683e-08
8.4343086142568824e-08
8.6266572310926998e-08
8.8237079016118752e-08
9.0255821693030152e-08
9.2324049135964993e-08
9.4443044574650281e-08
9.661412681071964e-08
9.8838651422484675e-08
1.0111801204683336e-07
1.0345364174926862e-07
1.0584701449491817e-07
1.0829964673554967e-07
1.1081309913170297e-07
1.133889784316324e-07
1.1602893953375496e-07
1.187346877651988e-07
1.2150798141528899e-07
1.2435063457126424e-07
1.2726452031398431e-07
1.3025157434325225e-07
1.3331379911868918e-07
1.3645326862009115e-07
1.3967213385510055e-07
1.4297262927121714e-07
1.4635708026397577e-07
1.4982791201886325e-07
1.5338765997825559e-07
1.5703898229398673e-07
1.6078467471180446e-07
1.6462768843887074e-07
1.6857115168011489e-07
1.7261839569464586e-07
1.7677298643117899e-07
1.810387630639157e-07
1.854198850775562e-07
1.8992088996298431e-07
1.9454676410648553e-07
1.9930303011005708e-07
2.0419585460963474e-07
2.0923218170637561e-07
2.1441989845108251e-07
2.1976804050311264e-07
2.2528704821262863e-07
2.3098908607573843e-07
2.3688844193505167e-07
2.4300202663580758e-07
2.4935000034370108e-07
2.5595655867629141e-07
2.6285092056906395e-07
2.7006857082520923e-07
2.7765282412228173e-07
2.8565679448334717e-07
2.9414587557539842e-07
3.0320086344530864e-07
3.1292188525554617e-07
3.2343333599435972e-07
3.3489007064046474e-07
3.4748515213666621e-07
3.614595155013066e-07
3.7711397428639384e-07
3.9482406480815436e-07
4.1505829164985904e-07
4.3840039776470936e-07
4.6557632363170613e-07
4.974865277988689e-07
5.3524429644366351e-07
5.8022054787704265e-07
6.3409540978347346e-07
6.9891647901707211e-07
7.7716313063270378e-07
8.7181549092355764e-07
9.8642570200427482e-07
1.125187870725919e-06
1.2930016235879554e-06
1.4955225266124972e-06
1.7391908639772645e-06
2.031228544363186e-06
2.3795924223923083e-06
2.7928713481519901e-06
3.2801141086691188e-06
3.8505764565083411e-06
4.5133779960756986e-06
5.2770641500820974e-06
6.1490750081168144e-06
7.1351316834285779e-06
8.2385618087141925e-06
9.4595987178431124e-06
1.0794703236864271e-05
1.2235972307741281e-05
1.3770714465263045e-05
1.5381288456753459e-05
1.704531873607237e-05
1.8736421769800815e-05
2.0425602178892053e-05
2.208350883848927e-05
2.3683774981123796e-05
2.5207689939213828e-05
2.6650432978538277e-05
2.8028987845515576e-05
2.9391574121876031e-05
3.0827898015961588e-05
3.2478700387664264e-05
3.4542034008760647e-05
3.7272695947288884e-05
4.0970765644442245e-05
4.5955906701181471e-05
5.2526553409099693e-05
6.0907415567847452e-05
7.1194096593092706e-05
8.3308184997681178e-05
9.6977478008623369e-05
0.00011175202262175566
0.00012705728757120239
0.00014227369735778718
0.00015682201176271112
0.00017023183568601197
0.00018217816400064156
0.00019248543652576028
0.00020111269283453186
0.00020813892906907877
0.00021376091246265845
0.00021830024548645204
0.00022220212674828481
0.00022600498613193764
0.00023027162763297157
0.00023549321447810184
0.0002419957821207326
0.00024988424408232241
0.00025904758365420541
0.00026922658982707744
0.0002801229208193246
0.00029151537023126329
0.00030335007743608389
0.00031578336732700571
0.00032917208408118242
0.00034401984093036233
0.00036089477748610664
0.00038033530140523181
0.00040275754167182269
0.00042837487755736757
0.00045713764982655876
0.00048869999083684149
0.00052241954870585103
0.0005573936493120142
0.00059253173496352297
0.00062665899540343003
0.00065864048956259245
0.00068750936833936107
0.00071257810403803443
0.00073350983896525938
0.00075033062856892099
0.00076337422375843435
0.00077316808672015988
0.00078028770850773691
0.00078521855170447265
0.00078826455346955795
0.00078952742617853511
0.00078895694362426678
0.00078644866868779397
0.00078195177436162281
0.00077555046414069296
0.00076749586457211169
0.00075818397220890176
0.0007480913539134104
0.00073768904379664581
0.00072735626519491439
0.00071731227820695151
0.00070758029213657304
0.00069799354565261071
0.00068824935106447875
0.00067800985313222408
0.00066703728939455562
0.00065533857211151777
0.00064328416697150871
0.00063166542201412374
0.00062166543595328311
0.00061473808643970065
0.00061241012130870188
0.00061603503102348643
0.00062653386483394586
0.00064416318092021295
0.00066835973126590361
0.0006977210227041774
0.00073017348970853249
0.00076333712105922504
0.00079501753617770214
0.00082367603868149244
0.00084869774506570058
0.00087033589721695315
0.00088934648900738304
0.00090647691904038939
0.00092205154776394652
0.00093585569734169055
0.00094737611496982174
0.00095628711063821571
0.00096296526266338115
0.00096881815127252324
0.0009763067356844523
0.00098866509981922071
0.0010094129218083975
0.0010417879031331008
0.0010882113063701948
0.0011498718161152214
0.001226491773701141
0.0013163210796625301
0.0014163693996882387
0.0015228285377728275
0.0016315718275998845
0.0017385835550289116
0.0018401996871321314
0.0019331294491529306
0.0020143346821068584
0.0020809127917982128
0.002130120916733863
0.0021595987910641946
0.0021677405005142859
0.0021540869163008745
0.0021195956401167176
0.0020666916867466125
0.0019990795058522858
0.0019213686852766021
0.0018386078968761913
0.0017558292795062998
0.0016776873141158605
0.001608247169008471
0.0015509529669270957
0.0015087982025967677
0.0014847286665455161
0.0014823095124382546
0.001506631049896854
0.0015652524552142411
0.0016686784873718725
0.0018295509528130232
0.0020596988967065363
0.0023647725903330704
0.0027375009970788287
0.0031522207497653287
0.0035641955790530547
0.0039162838373308197
0.0041524945051474461
0.0042341732991998792
0.0041522932383702702
0.0039303952754907593
0.0036169098286882528
0.0032705156642724546
0.0029449397779703072
0.0026787903399788588
0.0024926432472019313
0.0023920492317240361
0.0023733173067417785
0.0024292124346694819
0.0025531171698999653
0.002741534462032283
0.0029954322031091399
0.0033209326037396637
0.0037296090511411981
0.0042384351901785366
0.0048692813984980848
0.0056477352816634652
0.0066009734267606333
0.0077545698015778416
0.0091286130129573373
0.010734258980793485
0.012572540478023012
0.014637400489397011
0.016924153614709673
0.019443005274373884
0.022235504414659605
0.025390711696494997
0.029057915374191279
0.033453703347114679
0.038862401699127962
0.045629760627342593
0.054150333092007924
0.064849623061674064
0.078162756770800104
0.094511249640785569
0.11427712651245665
0.13776902192255203
0.16517029275862907
0.19645944734838211
0.23130314737448995
0.2689421606897085
0.30811355125064421
0.34706363308673355
0.38369141711313048
0.41581820106233663
0.44152108544468444
0.45942692679194924
0.46886706342664219
0.46984814262291491
0.46287523337979536
0.44872572759195589
0.42828054331968074
0.40246975986590294
0.37231498384050166
0.33899591863968648
0.30386311497444213
0.26835930049712242
0.23386826228075577
0.2015489650626574
0.17221592017538867
0.14630027605011617
0.12388960097835761
0.10481756697258389
0.088766873357877654
0.075357048898293158
0.064204083129037193
0.05495236869115383
0.047286745053448868
0.040933629656923293
0.035657884760164849
0.031258942870841584
0.027567421578389678
0.024442357434751462
0.021768890661501273
0.01945620918758836
0.017435499173627446
0.015657513631538486
0.014089289638875256
0.012709674454919325
0.011503749309937418
0.010456912799956046
0.0095500494885798447
0.0087574374525275119
0.0080484552430820575
0.0073927359385716953
0.006766782606039295
0.0061591697158062857
0.0055719923085764565
0.0050180070472572551
0.0045149133224889199
0.0040792795869488618
0.0037222374684427293
0.0034477095944209497
0.0032525951670343582
0.0031277848203164656
0.0030592138838883855
0.003028898727239486
0.0030164007929136907
0.0030010958114213074
0.0029651140678391679
0.0028962663310180712
0.002790052646115336
0.0026500850366237365
0.0024867855635782206
0.0023147696960159271
0.0021496655512836214
0.002005170963484152
0.0018909628211560058
0.0018117602563658289
0.0017675186537842614
0.0017544773132669614
0.001766644682115367
0.0017972916238382067
0.0018401156915600469
0.0018898963268779293
0.0019426312433537232
0.0019952816426919277
0.0020453281664267286
0.0020903421595998314
0.0021277206294593146
0.002154646204484511
0.0021682487152217935
0.0021658896489188447
0.0021454759990021705
0.0021057291502975962
0.0020463683326444357
0.0019681967228721655
0.0018730907994850439
0.0017638927382946173
0.0016442031988853905
0.0015180792986111452
0.001389663036671631
0.0012627914126765649
0.0011406573242444843
0.0010255882634483374
0.00091898473883870644
0.00082141960564486682
0.00073285744115212
0.00065292451068371465
0.00058115378386080748
0.00051714624975702193
0.00046062201569063455
0.00041137078970433956
0.00036914008159790541
0.00033351333187735482
0.0003038270785530902
0.00027915916283369142
0.00025839531174144637
0.00024035698648601535
0.00022395604536567179
0.00020833580024306488
0.00019296408514205929
0.00017765907076731582
0.00016254737982197596
0.00014797067827904765
0.00013436688126862038
0.00012215371821217317
0.00011163684458236941
0.00010295509371731937
9.6065382717980336e-05
9.0761876080837318e-05
8.6719407546142661e-05
8.3549650581869568e-05
8.0859188393467987e-05
7.8300509292682726e-05
7.5609428489606997e-05
7.2625240466184755e-05
6.9292879418264217e-05
6.5649243343366339e-05
6.1798191684861499e-05
5.7880096247619773e-05
5.4041929583593958e-05
5.0412765689275199e-05
4.7087631225338917e-05
4.4120460744882572e-05
4.1525039981772565e-05
3.9281639569976683e-05
3.7346653160241975e-05
3.5662828969221722e-05
3.4168358299744958e-05
3.2803875435530265e-05
3.1517113614785714e-05
3.02654372247482e-05
2.9016712269490368e-05
2.774903043812765e-05
2.6449737757447605e-05
2.5114104699043557e-05
2.3743859473430813e-05
2.2345715950051181e-05
2.0929969194379126e-05
1.9509200291320814e-05
1.8097118367758635e-05
1.6707562064569533e-05
1.5353678346535238e-05
1.4047290054821637e-05
1.2798454425629186e-05
1.1615204135700724e-05
1.0503452196831718e-05
9.4670339536843746e-06
8.5078546402808169e-06
7.6261097223577656e-06
6.820547208375568e-06
6.0887454161341076e-06
5.4273853241945834e-06
4.8325026600408319e-06
4.2997105238446882e-06
3.8243881263784066e-06
3.4018348990728561e-06
3.0273917911419733e-06
2.6965331229773896e-06
2.4049331130616794e-06
2.1485113561173551e-06
1.923461306753542e-06
1.7262653838986352e-06
1.553699782249702e-06
1.4028315421820081e-06
1.2710099386594711e-06
1.1558538263637496e-06
1.0552362283774436e-06
9.6726717471625823e-07
8.9027557488286095e-07
8.227907340058452e-07
7.6352398417749919e-07
7.1135079228495564e-07
6.6529361589972637e-07
6.2450570464373091e-07
5.8825598246077855e-07
5.559150941982802e-07
5.2694265643975381e-07
5.0087571672543125e-07
4.773183964796396e-07
4.5593267054217147e-07
4.364302195885889e-07
4.1856528027590542e-07
4.0212841099712493e-07
3.8694108795018501e-07
3.7285104613492625e-07
3.5972828219851813e-07
3.4746164014500514e-07
3.359559062465801e-07
3.2512934558251039e-07
3.1491161909277748e-07
3.0524202656193033e-07
2.9606802731592822e-07
2.8734399645218374e-07
2.7903018002569813e-07
2.710918177152918e-07
2.6349840606894847e-07
2.5622307947821675e-07
2.4924208957105255e-07
2.4253436678237204e-07
2.3608115049534727e-07
2.2986567638969365e-07
2.2387291153316407e-07
2.1808932935019912e-07
2.1250271793903906e-07
2.0710201632354184e-07
2.0187717415249017e-07
1.9681903112511965e-07
1.91919213056405e-07
1.8717004201698592e-07
1.8256445841432242e-07
1.7809595323677824e-07
1.7375850897201841e-07
1.6954654795619821e-07
1.6545488710465646e-07
1.6147869814277495e-07
1.5761347258920564e-07
1.5385499085802099e-07
1.5019929494007334e-07
1.4664266420202167e-07
1.4318159390795608e-07
1.3981277612341566e-07
1.3653308270848004e-07
1.3333955014625978e-07
1.3022936598672927e-07
1.2719985671440816e-07
1.242484768733137e-07
1.2137279930298418e-07
1.1857050635888399e-07
1.1583938200440619e-07
1.1317730467732532e-07
1.1058224084338254e-07
1.0805223916177736e-07
1.0558542519511259e-07
1.0317999660468687e-07
1.0083421877887553e-07
9.854642084833836e-08
9.6314992047188758e-08
9.413837838374068e-08
9.2015079588665229e-08
8.9943646312235496e-08
8.7922677544874317e-08
8.5950818238965109e-08
8.4026757111663897e-08
8.2149224610736016e-08
8.031699102781378e-08
7.8528864744795062e-08
7.6783690600767152e-08
7.5080348368141866e-08
7.3417751328066276e-08
7.1794844935967322e-08
7.0210605569346287e-08
6.8664039350382466e-08
6.7154181037162765e-08
6.5680092977538522e-08
6.4240864120437877e-08
6.2835609080139619e-08
6.1463467248879931e-08
6.0123601954625836e-08
5.8815199659913762e-08
5.7537469199205951e-08
5.6289641051729657e-08
5.5070966647202191e-08
5.3880717702452957e-08
5.2718185586474262e-08
5.1582680712368582e-08
5.0473531954262963e-08
4.9390086087655934e-08
4.8331707251852589e-08
4.7297776433113435e-08
4.6287690967298819e-08
4.530086406095885e-08
4.433672432990719e-08
4.3394715354184389e-08
4.2474295248781172e-08
4.1574936249101596e-08
4.0696124310648568e-08
3.9837358722090429e-08
3.8998151731156459e-08
3.8178028182760138e-08
3.7376525168863663e-08
3.6593191689439695e-08
3.5827588324171039e-08
3.5079286914448456e-08
3.4347870255158242e-08
3.3632931795932616e-08
3.2934075351499631e-08
3.2250914820731245e-08
3.1583073914180729e-08
3.0930185889540299e-08
3.0291893295146334e-08
2.9667847720784181e-08
2.9057709555879074e-08
2.8461147754747745e-08
2.7877839609492617e-08
2.7307470536713843e-08
2.6749733906270917e-08
2.6204330446989884e-08
