7.0409426631141695e-08
7.199191824642234e-08
7.3612623399748274e-08
7.5272519212311764e-08
7.6972607909894797e-08
7.8713918763631019e-08
8.0497508730531664e-08
8.2324463233513658e-08
8.4195896995965243e-08
8.611295491321906e-08
8.8076812961652541e-08
9.0088679148609105e-08
9.2149794507408835e-08
9.4261434142112077e-08
9.6424908327631274e-08
9.8641563672029237e-08
1.0091278434867301e-07
1.0323999340759186e-07
1.0562465417732751e-07
1.080682717700981e-07
1.1057239470651507e-07
1.1313861667852056e-07
1.1576857847353439e-07
1.1846397008704213e-07
1.2122653305697366e-07
1.2405806306002695e-07
1.2696041281842873e-07
1.2993549537615256e-07
1.3298528781715238e-07
1.3611183551248953e-07
1.3931725700437194e-07
1.4260374965816825e-07
1.4597359624316365e-07
1.494291726400331e-07
1.5297295691879062e-07
1.5660754008644799e-07
1.6033563887513811e-07
1.6416011102935127e-07
1.6808397365808707e-07
1.7211042535738075e-07
1.7624287297669896e-07
1.8048496411798552e-07
1.8484062672388135e-07
1.8931411744881965e-07
1.9391008092958789e-07
1.9863362260782813e-07
2.0349039842657653e-07
2.0848672557646192e-07
2.1362971953828105e-07
2.1892746402992012e-07
2.2438922218533803e-07
2.3002569947335109e-07
2.3584937162922658e-07
2.418748943722875e-07
2.4811961612163156e-07
2.546042205385917e-07
2.6135353282253543e-07
2.6839753264159441e-07
2.7577262783773924e-07
2.8352325714694343e-07
2.9170390775291269e-07
3.0038165525242081e-07
3.0963936035214253e-07
3.1957968914359097e-07
3.3033016289640478e-07
3.4204948959017129e-07
3.5493548316023137e-07
3.6923493737145046e-07
3.8525588813910384e-07
4.0338276836748539e-07
4.2409502842508132e-07
4.479898559847365e-07
4.7580967053631891e-07
5.0847507563497696e-07
5.4712390628215591e-07
5.9315688496016656e-07
6.4829016789918489e-07
7.1461468924527547e-07
7.9466165905643921e-07
8.9147280732039232e-07
1.0086729634226856e-06
1.1505413061145753e-06
1.3220761240470216e-06
1.5290462363738226e-06
1.77802042665163e-06
2.0763644855113487e-06
2.432193943740347e-06
2.854269574850897e-06
3.3518225778911192e-06
3.934297378458317e-06
4.6110025799544644e-06
5.3906650990244306e-06
6.280889189286419e-06
7.2875310217522973e-06
8.4140106918390016e-06
9.6605966967348258e-06
1.1023712622055876e-05
1.2495331453096447e-05
1.4062539151192389e-05
1.5707365882946571e-05
1.7407001266962444e-05
1.9134530822870482e-05
2.0860356615682466e-05
2.25544970284953e-05
2.4189995392584413e-05
2.5747691393881619e-05
2.7222591619190024e-05
2.8631961200070574e-05
3.002496945329821e-05
3.1493176623449107e-05
3.318030494569734e-05
3.5288667320954881e-05
3.807859763418196e-05
4.18567406310649e-05
4.6949783268317292e-05
5.366272935047833e-05
6.2225230691000626e-05
7.2734971445730375e-05
8.5111769524760339e-05
9.9077383659246855e-05
0.0001141719463519798
0.00012980835460197417
0.00014535359340374064
0.00016021600275241226
0.00017391525934157967
0.0001861196470220264
0.00019665009852606975
0.00020546492795458308
0.00021264480788424185
0.00021839053660935366
0.00022303031843878376
0.00022701860086866217
0.00023090515859157908
0.0002352648197974116
0.00024059939371954712
0.00024724212645933167
0.00025530042319434331
0.00026466106849772514
0.00027505935864662739
0.00028619048890719302
0.0002978283397733274
0.00030991767979933346
0.00032261799553224966
0.00033629368405615052
0.00035145919493654969
0.00036869503838984501
0.00038855148926714991
0.00041145401606949123
0.0004376210339742922
0.00046700227494435548
0.00049924486736062324
0.00053369302204259964
0.00056942493414794196
0.00060532672463790502
0.00064019822517137007
0.0006728796903251301
0.00070238272981209085
0.00072800395633141897
0.00074939800158202734
0.00076659026142904068
0.00077992078891736343
0.00078992813127991073
0.00079720066321536411
0.00080223551135802124
0.00080534482618079787
0.00080663421662308197
0.00080605365884209496
0.0008034969751595357
0.00079891185621250662
0.00079238320346037129
0.00078416612934698298
0.00077466397637996883
0.00076436313088092199
0.00075374535068636352
0.00074319960732368543
0.00073295215053886299
0.00072302915240573834
0.00071326243203054154
0.00070334436001419798
0.00069293077626523614
0.00068177944742231185
0.000669898237033785
0.00065766704045557521
0.0006458967037472873
0.00063579939889361274
0.00062886501396364604
0.0006266589808115575
0.0006305711841317859
0.00064155221824286636
0.00065987835668408345
0.00068499611114514127
0.00071550684407607626
0.00074934408773496988
0.00078415198531420487
0.00081779305165246381
0.00084883027421340715
0.00087679648051271306
0.00090212271006643132
0.00092573723884850428
0.0009485027854286319
0.0009707454695213959
0.00099209281862070071
0.0010116955986867171
0.0010287347871997393
0.0010429980290686237
0.0010552973595994554
0.0010675786687541499
0.0010826882538044087
0.0011038577057660903
0.0011340224855218273
0.001175113133396729
0.0012274714089834666
0.0012895483825097625
0.0013580146682325002
0.0014283289048872593
0.0014956727867207458
0.0015560169590241237
0.0016070043040512362
0.0016483784163807324
0.0016818393047386472
0.0017104066752815887
0.0017375203468844164
0.0017661458678372417
0.0017980858485373418
0.0018335841946893533
0.0018712215333729753
0.0019080692334173563
0.0019400787503546302
0.0019626875629901144
0.0019715913000428005
0.0019635710317768792
0.0019372132155387294
0.0018933560694178178
0.0018351530894737732
0.0017677452023188074
0.0016976455283563641
0.0016320321105279978
0.0015781832997877102
0.0015432445677381679
0.0015343558606632638
0.0015589032428659894
0.0016243788380531281
0.00173723178749941
0.0019003927711542063
0.0021099265488205526
0.0023522326787018882
0.0026037387994291591
0.0028344653133304523
0.0030150994122457651
0.0031251246912670002
0.0031584942940814627
0.0031242623031480787
0.0030421327011553494
0.0029354469194468411
0.0028250307260779526
0.0027261056216200817
0.0026482196344244525
0.0025965343570637529
0.0025727465806302942
0.0025750523973599253
0.0025977585557193173
0.002631544905175432
0.0026649297387418384
0.0026867338239251262
0.0026888364200384394
0.0026684470891066175
0.0026293252103763752
0.0025816513123132771
0.0025405128489136095
0.0025232506383130737
0.0025462415809585194
0.0026219816063185603
0.0027574127344288206
0.0029541707392778146
0.0032108192040499763
0.0035263814339829597
0.0039039225472055493
0.0043528785738156384
0.0048893521095035941
0.0055344451736446679
0.0063114329040517862
0.0072428390834338397
0.0083482187878338911
0.0096429549976278107
0.011137973541617795
0.012840129259581751
0.014753033726763426
0.016878120726566633
0.019215730447736834
0.021766035276685521
0.024529845468278893
0.027509710427314437
0.030712114299989351
0.034151766110968616
0.037858910363422441
0.041890247392300309
0.04634348057175821
0.051374633994392738
0.057215946840069101
0.064190236117014327
0.072715325413300239
0.083290232514029977
0.096454704039603364
0.11271709876504739
0.13245372044231055
0.15579488971500741
0.18252596699550655
0.212039147602056
0.24336724573885327
0.27530967293073055
0.30662601716284932
0.33623582709111255
0.36334335759417746
0.38742145275372475
0.40804511110053931
0.42464547917900097
0.43631965275944351
0.44183613810937272
0.43989926445428068
0.42960403217600307
0.41089415513430266
0.38480409599321352
0.35335015674425652
0.31909588333254435
0.28456487135166397
0.25172953909914453
0.22174595002108705
0.19497706455452171
0.17122518387785207
0.1500356323100531
0.13094878222275003
0.11363778410924345
0.097933753868408829
0.083779944928703359
0.0711644861496252
0.060066954004161593
0.050432353927796235
0.042168898346594319
0.035158387802803011
0.029268929498836995
0.024364757848751653
0.02031261327544882
0.016986190926471897
0.01426979367828944
0.012061091256156375
0.01027223804194557
0.0088289676357550476
0.0076681733610273898
0.0067351384286879297
0.0059815644657562348
0.0053649538917874629
0.004849149255596253
0.0044053305418130318
0.0040126932662907285
0.0036582964932170142
0.0033359744399858015
0.0030445562517587626
0.0027858305626364266
0.0025627049934058357
0.002377880062810435
0.0022331439739983064
0.0021291745562750587
0.0020655822278734808
0.0020408974341758384
0.0020523095136781209
0.0020951609277480494
0.0021624089457029923
0.0022443918274908056
0.0023292109205012004
0.0024038563724178741
0.0024559256112885253
0.0024755240147237797
0.0024568128702716196
0.0023987455008876316
0.002304786644519339
0.0021817412281339606
0.0020380914650768422
0.0018823503323484988
0.0017218561326389564
0.0015622119990406495
0.0014073214899494666
0.0012597901016578904
0.0011214088468202649
0.00099350304810358466
0.00087706200478733162
0.00077269327632176611
0.0006805172678397217
0.00060011783565034195
0.00053061105760481421
0.00047082346511968706
0.000419517583908115
0.00037558565835192631
0.00033815160100353461
0.00030656182759513913
0.00028028802088314532
0.00025879297381004436
0.00024141696561702896
0.00022732810432080528
0.00021555358690464413
0.00020508023403009064
0.00019499116580806182
0.00018459670258792174
0.00017352245712309034
0.00016173283529135457
0.00014948779245862608
0.0001372482370176713
0.00012555613076184282
0.00011491728889361522
0.00010570937020456109
9.8127819009527736e-05
9.2172252339342819e-05
8.7667720752169075e-05
8.4310584151122626e-05
8.1727218434841082e-05
7.9534460149406278e-05
7.7392625682008896e-05
7.5044480452641005e-05
7.2336403740335686e-05
6.9221035769043591e-05
6.5743634942962774e-05
6.2016777453910289e-05
5.8189428583921433e-05
5.4416518417695906e-05
5.0834017359024667e-05
4.7542524188683907e-05
4.4600143572141805e-05
4.2023516863001299e-05
3.9794660501974585e-05
3.7870868122133399e-05
3.6195212906608882e-05
3.4705875823428295e-05
3.334333363352615e-05
3.2055146190246646e-05
3.0798568603913633e-05
2.9541461188986859e-05
2.8262024598132116e-05
2.6947821754914567e-05
2.5594431479617687e-05
2.4203960901563981e-05
2.2783551325526043e-05
2.1343952344855586e-05
1.9898206862540777e-05
1.8460475534953248e-05
1.7045023316809296e-05
1.5665386316637144e-05
1.433373056605202e-05
1.306040496488736e-05
1.1853679817454213e-05
1.0719651960261358e-05
9.6622892740982478e-06
8.683582490874697e-06
7.7837709554902793e-06
6.9616109917555857e-06
6.2146598993806163e-06
5.539554348443306e-06
4.932268064362251e-06
4.3883394410090321e-06
3.9030645820998106e-06
3.4716550146994415e-06
3.089361920571967e-06
2.7515703134358881e-06
2.45386735238099e-06
2.1920891463826484e-06
1.9623501788897483e-06
1.7610590361636824e-06
1.5849235859669162e-06
1.430948209956603e-06
1.2964251943333548e-06
1.1789219528654772e-06
1.076265400454991e-06
9.8652450918704528e-07
9.079918523307109e-07
8.3916476343666308e-07
7.7872659654805125e-07
7.2552846045193791e-07
6.785717077489259e-07
6.3699138324135725e-07
6.0004077229084746e-07
5.6707713615192002e-07
5.3754867645476247e-07
5.1098273405070467e-07
4.869751976858595e-07
4.6518107480955568e-07
4.4530615966510292e-07
4.2709972196772418e-07
4.1034813227086098e-07
3.9486933681061028e-07
3.8050809447902141e-07
3.6713189091479712e-07
3.5462744887641986e-07
3.428977595025492e-07
3.3185956529408679e-07
3.2144123226712107e-07
3.1158095540845926e-07
3.0222524808836072e-07
2.9332767226546999e-07
2.8484777205699566e-07
2.7675017847079976e-07
2.6900385778006933e-07
2.6158148016810694e-07
2.5445888889437114e-07
2.4761465337635661e-07
2.4102969227357399e-07
2.346869549606093e-07
2.2857115171592697e-07
2.2266852458897095e-07
2.1696665227759437e-07
2.114542834845178e-07
2.0612119417320414e-07
2.0095806492251887e-07
1.9595637523168593e-07
1.9110831215759359e-07
1.8640669110862303e-07
1.8184488698178491e-07
1.7741677412575722e-07
1.7311667386215818e-07
1.6893930849678597e-07
1.6487976092249761e-07
1.6093343905283213e-07
1.570960444416403e-07
1.5336354453924649e-07
1.4973214811584596e-07
1.4619828345047564e-07
1.4275857893917652e-07
1.3940984582502496e-07
1.3614906279125196e-07
1.3297336219476016e-07
1.2988001774483205e-07
1.2686643345826841e-07
1.2393013374229616e-07
1.2106875447679132e-07
1.1828003498085068e-07
1.1556181076573208e-07
1.1291200698519091e-07
1.1032863250671313e-07
1.078097745355468e-07
1.0535359373132793e-07
1.0295831976426456e-07
1.0062224726407766e-07
9.8343732120067626e-08
9.612118809552259e-08
9.3953083723763757e-08
9.1837939456964252e-08
8.9774325042058622e-08
8.7760857100641105e-08
8.5796196892858971e-08
8.3879048246998561e-08
8.2008155638656948e-08
8.0182302405175398e-08
7.8400309082626949e-08
7.6661031853812209e-08
7.4963361096932181e-08
7.3306220026088653e-08
7.1688563415303858e-08
7.0109376398584373e-08
6.8567673339854024e-08
6.7062496766438736e-08
6.5592916361161624e-08
6.4158028008080119e-08
6.2756952887736952e-08
6.1388836617983812e-08
6.0052848436918937e-08
5.8748180424878551e-08
5.7474046762557581e-08
5.6229683022670575e-08
5.5014345493055728e-08
5.3827310528679991e-08
5.2667873931156688e-08
5.1535350353595297e-08
5.0429072729408385e-08
4.9348391723573741e-08
4.8292675205012281e-08
4.7261307738905761e-08
4.6253690097767705e-08
4.5269238790304666e-08
4.4307385607085442e-08
4.3367577182230975e-08
4.2449274570139571e-08
4.1551952836713781e-08
4.0675100664265066e-08
3.9818219969522362e-08
3.8980825534064316e-08
3.8162444646767409e-08
3.7362616757581224e-08
3.6580893142246978e-08
3.5816836577568509e-08
3.5070021026602677e-08
3.4340031333617461e-08
3.3626462928197392e-08
3.2928921538382785e-08
3.2247022912367336e-08
3.1580392548337699e-08
3.092866543248382e-08
3.0291485784528092e-08
2.9668506810721764e-08
2.9059390464142415e-08
2.8463807212705786e-08
2.7881435821323945e-08
2.7311963177020934e-08
2.6755083682078671e-08
