2.4995462043451604e-08
2.5557246662820623e-08
2.6132596920237532e-08
2.6721859675280587e-08
2.7325390697832564e-08
2.7943555356879471e-08
2.8576728847646286e-08
2.922529646832809e-08
2.9889653916097053e-08
3.0570207596171122e-08
3.1267374944258828e-08
3.198158476343345e-08
3.2713277576970722e-08
3.3462905998816407e-08
3.4230935123684029e-08
3.5017842939104925e-08
3.5824120762287369e-08
3.6650273704990311e-08
3.749682117043555e-08
3.8364297386863079e-08
3.9253251983378522e-08
4.0164250614755591e-08
4.1097875643363946e-08
4.2054726887851379e-08
4.3035422450353981e-08
4.4040599636503648e-08
4.5070915985370113e-08
4.6127050430394166e-08
4.720970461664636e-08
4.8319604405687335e-08
4.9457501605873887e-08
5.0624175974608659e-08
5.1820437549638945e-08
5.3047129379375102e-08
5.4305130738249681e-08
5.5595360933645565e-08
5.6918783835010726e-08
5.8276413287598822e-08
5.966931961139248e-08
6.1098637434177406e-08
6.2565575168172369e-08
6.4071426515049543e-08
6.5617584479258559e-08
6.7205558488272564e-08
6.8836995368473432e-08
7.0513705113917706e-08
7.2237692623200874e-08
7.401119687989229e-08
7.5836739432161728e-08
7.771718450737296e-08
7.9655813706660045e-08
8.1656418995409238e-08
8.372341868426917e-08
8.5862002335089144e-08
8.8078312097863311e-08
9.037966997571268e-08
9.2774863031582181e-08
9.5274501726746779e-08
9.7891470577680226e-08
1.0064149532582261e-07
1.0354385706116729e-07
1.0662229147894809e-07
1.0990612096338905e-07
1.134316787739352e-07
1.1724409853813602e-07
1.2139955875566906e-07
1.2596809119644975e-07
1.3103708383565472e-07
1.3671563287555589e-07
1.4313992353616165e-07
1.5047984402873144e-07
1.5894705888485726e-07
1.6880478281853874e-07
1.8037949927098425e-07
1.940748517239232e-07
2.1038789191040204e-07
2.2992778652732257e-07
2.534369508369744e-07
2.818143808056572e-07
3.1614068295263123e-07
3.5770394319857887e-07
4.0802512822825192e-07
4.6888117918561821e-07
5.4232335406286455e-07
6.3068773415179638e-07
7.3659418310667992e-07
8.6292950808338693e-07
1.0128102168142435e-06
1.1895202078435397e-06
1.3964191025620569e-06
1.6368178595430642e-06
1.9138199251622898e-06
2.2301285616282695e-06
2.5878241978561644e-06
2.9881196481495131e-06
3.4311057421956078e-06
3.9155051453058868e-06
4.4384577271398363e-06
4.9953666073080516e-06
5.5798399605375394e-06
6.183770059451266e-06
6.7975984523123195e-06
7.4108253941872721e-06
8.0128331099519857e-06
8.5941050674303955e-06
9.1479325351728448e-06
9.6726945146149925e-06
1.017475864011785e-05
1.0671952157724634e-05
1.1197366035154653e-05
1.1802969274149449e-05
1.2562153369159152e-05
1.3569997148733909e-05
1.4939922247014007e-05
1.6795738449886991e-05
1.92590625157109e-05
2.2433757853858286e-05
2.6391070674810268e-05
3.1160815687851756e-05
3.6734323374684327e-05
4.3083078240379264e-05
5.0192904414329056e-05
5.8108093564093552e-05
6.697486941344102e-05
7.7071123571812987e-05
8.8810687300011499e-05
0.00010271515379543936
0.00011935256272329555
0.00013924785490105021
0.00016277376202158763
0.0001900334195250964
0.00022074926036615429
0.00025417758111679045
0.00028907291927607326
0.00032372688249451777
0.00035609791843003666
0.00038403031340355847
0.00040553618941924848
0.00041909161251716895
0.00042388635314842511
0.00041997224280344153
0.00040827703602080442
0.00039048245422607813
0.00036879636670653028
0.00034567019808899688
0.00032351816833863927
0.00030448509150678339
0.00029028926520846229
0.00028214398615875329
0.00028074258088757557
0.00028628226006165478
0.00029850296827546526
0.00031672689339294705
0.00033989818443560567
0.00036663516168154568
0.00039531346248877048
0.00042419458661965809
0.00045160019271365534
0.00047611268165182504
0.00049676499229254416
0.00051317554552849384
0.0005255928321899622
0.00053483672174448906
0.00054215217330627792
0.00054901457678268738
0.00055693547910349325
0.00056731030763398536
0.00058133040607331995
0.00059995912557648688
0.0006239544632986344
0.00065391336528576203
0.00069031480337234275
0.00073354627195091769
0.0007839072309519709
0.00084159088003441895
0.00090665230443032674
0.00097897716029288402
0.0010582703528578829
0.0011440863413983396
0.0012359183658834153
0.0013333508235029074
0.001436258810446121
0.0015450177585180657
0.001660673049005435
0.001785021565693678
0.0019205752905820646
0.0020704049368839381
0.0022378891093040886
0.0024264134826045402
0.0026390729411939298
0.0028784303482226182
0.003146380977451374
0.0034441592463813407
0.0037724989875951914
0.0041319199123695119
0.0045230729976026987
0.0049470576338004908
0.0054056409629847577
0.0059013630180727366
0.0064375747299227036
0.0070184941813633984
0.0076493570137359896
0.0083366855590356267
0.0090886392398006645
0.0099153721073542058
0.010829330272333319
0.011845463162366725
0.012981370159617634
0.014257431167470769
0.015696965604742923
0.017326437894292442
0.01917569631996514
0.021278209241407824
0.023671249676071086
0.026395969545696077
0.029497292754964401
0.033023544178603037
0.037025729764823739
0.041556401726172691
0.046668084197460255
0.052411289604117374
0.058832209346392869
0.065970203025570398
0.073855236581833128
0.08250543638742748
0.091924936429461535
0.1021021931643158
0.11300891456335786
0.12459968691751792
0.13681228902414702
0.14956857617413152
0.16277571838034563
0.1763275061707294
0.19010540479471366
0.2039790569216185
0.21780602386061734
0.23143073296768651
0.24468285931736042
0.2573756675815061
0.2693050895188111
0.28025041499327574
0.28997736720509387
0.29824403141128086
0.30480970687673792
0.30944637490645827
0.31195218059161484
0.31216606260199892
0.30998233062181013
0.30536356692136152
0.29834989314092342
0.289062705599759
0.2777016573320657
0.26453484807718325
0.2498834473699896
0.23410283091715306
0.2175625242010312
0.20062695379571091
0.18363852792996363
0.16690413154020084
0.15068573425681614
0.13519536385183156
0.12059416201952539
0.10699474022654015
0.094465777035970949
0.083037830502663834
0.072709595141625283
0.063454129287468575
0.055224770410910035
0.047960521936759641
0.041590718412862701
0.036038854087933121
0.031225619838987338
0.027071366103042723
0.02349827779728076
0.020432435762130691
0.017805690386189198
0.015557046635907944
0.013633234240700625
0.011988368228844885
0.010582957763950792
0.0093827507805079938
0.0083578427434154758
0.0074821817355435307
0.0067332984009642327
0.006091994510428249
0.005541867757056982
0.0050687706090586596
0.0046604004570673209
0.0043061319920797564
0.0039970301089167805
0.003725875661920188
0.0034870687085645623
0.0032763931036130086
0.0030907245776123156
0.0029277732991925898
0.0027858852674101584
0.0026638526221688433
0.0025606638187936955
0.0024751764259350884
0.0024057829717876403
0.0023502033290372379
0.0023055265849955824
0.0022685338082936487
0.0022362036157412331
0.0022062080528989364
0.0021772078706827494
0.0021488614819429562
0.0021216133484009132
0.0020964325844465437
0.002074660217244402
0.0020579942948494509
0.0020484763068052861
0.002048257624106725
0.002059002927073754
0.0020810158382630526
0.0021124333202684311
0.0021489633440147596
0.0021845137863230044
0.0022126899319124572
0.0022286870631429232
0.0022308184063708249
0.0022209842285133797
0.0022038097575420327
0.0021847591785292267
0.0021679773701205312
0.0021547043454516425
0.0021428279437330881
0.0021276515899971275
0.0021034917480345049
0.0020654661343580279
0.0020108526176368892
0.0019396421317219442
0.0018542579401781909
0.0017587221180481818
0.0016576925988261407
0.0015557211161317096
0.0014568573013320693
0.0013644970976159391
0.0012812858670907864
0.0012089700878676489
0.0011482487360670449
0.0010987624200649178
0.0010593024476615494
0.0010281747321289232
0.0010035400626925695
0.00098356776781311525
0.00096637670747131094
0.00094989650721211648
0.00093184922205982539
0.00090998107662247727
0.00088251471940277047
0.00084864786853799121
0.00080887870135918369
0.00076500724999592018
0.00071979478517414917
0.00067638621012608099
0.000637663370685419
0.00060569163183320858
0.00058137129089047524
0.00056434057584521795
0.00055311974334793163
0.00054544426010460514
0.00053870926366092454
0.00053043609358300811
0.00051867472940940907
0.00050227378688003749
0.00048098028107685368
0.00045536881280228511
0.00042663529671236727
0.00039631470567769725
0.00036598964497936001
0.00033704660595797691
0.00031051486469333957
0.00028699775408075784
0.00026668541822284135
0.00024942644473078136
0.00023483271674897243
0.00022239418974622462
0.00021158452466991614
0.00020194280772928823
0.00019312126723832867
0.00018489510358298534
0.00017713852493873538
0.00016977926421636266
0.00016274937964709478
0.00015595040863676879
0.00014924519071798825
0.00014247863120792496
0.00013551893008407429
0.00012830326219427077
0.00012087018276911175
0.00011336551736266352
0.00010601734329515628
9.9085708682511103e-05
9.2800677731776169e-05
8.7305804738706559e-05
8.2622443830486451e-05
7.8644213477007476e-05
7.5162465667425447e-05
7.1915302151064482e-05
6.8646869980793697e-05
6.5161840968505982e-05
6.1362375586725837e-05
5.7260466660835921e-05
5.2965444629206973e-05
4.8652489564974207e-05
4.4521632618982891e-05
4.0757327826445667e-05
3.7496667614224626e-05
3.4810836598917428e-05
3.2700739055723164e-05
3.1104862132826378e-05
2.9915765174833801e-05
2.9001038749954738e-05
2.8224819575675639e-05
2.7466630657799215e-05
2.6635214791228147e-05
2.5676044253588406e-05
2.457226317946082e-05
2.3339856821779317e-05
2.2018690036519116e-05
2.0661550149223426e-05
1.9323365580285839e-05
1.8052369514920262e-05
1.688427674929835e-05
1.5839750659020527e-05
1.4924759676145269e-05
1.4132993658877781e-05
1.3449368631704112e-05
1.285374692671511e-05
1.2324243381895557e-05
1.18397744652921e-05
1.1381757309712445e-05
1.0935038084708877e-05
1.0488216990467505e-05
1.003355661346659e-05
9.5666371479112044e-06
9.0858806625113911e-06
8.5920248705829186e-06
8.0875941364999648e-06
7.5763942678431405e-06
7.0630462885402717e-06
6.5525693970355987e-06
6.0500212506883078e-06
5.5602021235151077e-06
5.0874271217343143e-06
4.6353673047122239e-06
4.2069566897448804e-06
3.8043584078333745e-06
3.4289803555921702e-06
3.0815289512668028e-06
2.762089158310945e-06
2.4702196467074555e-06
2.2050535174986031e-06
1.9653970540629798e-06
1.7498211386336668e-06
1.5567420111627685e-06
1.3844897728304948e-06
1.2313643643675273e-06
1.095679672073854e-06
9.7579697546144976e-07
8.7014922076908556e-07
7.7725766308434014e-07
6.9574233995526091e-07
6.2432768180631293e-07
5.618443744313782e-07
5.0722839661365258e-07
4.5951797940757007e-07
4.1784908129816979e-07
3.8144984744403669e-07
3.4963441985237686e-07
3.2179638507165232e-07
2.9740208274145732e-07
2.7598394822377148e-07
2.5713402233343198e-07
2.4049772838570924e-07
2.2576798959971735e-07
2.1267973712780477e-07
2.0100483984357818e-07
1.9054747101927586e-07
1.8113991383620172e-07
1.7263879705329094e-07
1.6492174390001117e-07
1.5788441113565121e-07
1.5143789099757218e-07
1.4550644619183796e-07
1.4002554690035606e-07
1.3494017872922398e-07
1.3020339135885039e-07
1.2577505913987492e-07
1.2162082682153888e-07
1.1771121581334684e-07
1.140208687372827e-07
1.1052791240643408e-07
1.0721342168561417e-07
1.040609688899404e-07
1.0105624541726958e-07
9.8186744168766314e-08
9.5441492977951735e-08
9.281083074201619e-08
9.028621923910306e-08
8.786008473088789e-08
8.552568440876149e-08
8.3276993557468778e-08
8.1108610001209633e-08
7.9015672977717358e-08
7.6993794072246949e-08
7.5038998248502546e-08
7.3147673349857197e-08
7.131652672294592e-08
6.954254784542299e-08
6.78229760299065e-08
6.6155272432021657e-08
6.4537095719026077e-08
6.2966280862207694e-08
6.1440820602471e-08
5.9958849211497426e-08
5.8518628229660626e-08
5.7118533911689451e-08
5.5757046151386184e-08
5.4432738691222677e-08
5.3144270450644037e-08
5.1890377830980205e-08
5.0669867874502196e-08
4.9481612172461296e-08
4.832454143083462e-08
4.7197640614736757e-08
4.6099944602867473e-08
4.503053429221186e-08
4.3988533100644578e-08
4.2973103821715695e-08
4.1983445791746133e-08
4.1018792333784991e-08
4.0078408447764824e-08
3.9161588719431151e-08
3.8267655424199654e-08
3.7395956804647669e-08
3.654586550299355e-08
3.5716777132005062e-08
3.4908108969634202e-08
3.4119298764539388e-08
3.3349803640759002e-08
3.2599099091627321e-08
3.1866678053556695e-08
3.1152050051913289e-08
3.0454740411542955e-08
2.9774289525869313e-08
2.9110252178625162e-08
2.8462196913294349e-08
2.7829705445742903e-08
2.7212372115963918e-08
2.6609803375378574e-08
2.6021617306453887e-08
2.5447443171751483e-08
2.4886920989889323e-08
2.4339701136016586e-08
2.3805443964774199e-08
2.3283819453912718e-08
2.2774506866846929e-08
2.227719443262057e-08
2.1791579042009885e-08
2.1317365958482782e-08
2.0854268542871885e-08
2.0402007990887301e-08
1.9960313082413581e-08
1.9528919941905137e-08
1.9107571809029067e-08
1.8696018818971818e-08
1.8294017791710397e-08
1.7901332029771431e-08
1.7517731123874415e-08
1.7142990766079686e-08
1.6776892569943619e-08
1.6419223897334245e-08
1.6069777691522929e-08
1.5728352316200334e-08
1.5394751400183995e-08
1.506878368742571e-08
1.4750262892147266e-08
1.4439007558835129e-08
1.4134840926820504e-08
1.3837590799321849e-08
1.3547089416682168e-08
1.3263173333638669e-08
1.2985683300488011e-08
1.2714464147916756e-08
1.2449364675429902e-08
1.2190237543153617e-08
1.1936939166974592e-08
1.168932961677438e-08
1.1447272517745101e-08
1.121063495462436e-08
1.0979287378733126e-08
1.0753103517771294e-08
1.0531960288194695e-08
1.0315737710199005e-08
1.0104318825453677e-08
9.8975896198237939e-09
9.6954389613577443e-09
9.4977583849185511e-09
