5.7100205888883218e-09
5.8383559670362265e-09
5.9697903085851802e-09
6.1044028503010985e-09
6.2422748643191256e-09
6.3834898154750229e-09
6.5281334131613271e-09
6.676293674524718e-09
6.8280609920413756e-09
6.983528204091577e-09
7.1427906685605053e-09
7.3059463397500994e-09
7.4730958489095031e-09
7.6443425887933394e-09
7.8197928026762039e-09
7.9995556783876379e-09
8.183743447975554e-09
8.3724714937598936e-09
8.565858461670563e-09
8.7640263829345924e-09
8.9671008053733264e-09
9.1752109358636584e-09
9.3884897957788213e-09
9.6070743916153815e-09
9.8311059035187845e-09
1.0060729894893409e-08
1.0296096547045875e-08
1.0537360923630052e-08
1.0784683270682789e-08
1.103822935933859e-08
1.129817087986505e-08
1.1564685897620591e-08
1.1837959383891733e-08
1.2118183837604144e-08
1.2405560017477225e-08
1.2700297808879781e-08
1.3002617255218658e-08
1.3312749790783543e-08
1.363093972086198e-08
1.395744600582406e-08
1.4292544419749652e-08
1.4636530171361741e-08
1.4989721096683402e-08
1.5352461559995258e-08
1.5725127233931509e-08
1.610813097244938e-08
1.6501930044920773e-08
1.6907035068051357e-08
1.7324021059060749e-08
1.7753541143441533e-08
1.8196343589399713e-08
1.8653293017550174e-08
1.9125396857682224e-08
1.9613838407826721e-08
2.0120018209905544e-08
2.0645605911229612e-08
2.1192605356165238e-08
2.1763436378475253e-08
2.2361037678205192e-08
2.2988996312192803e-08
2.3651710755366429e-08
2.4354596259758379e-08
2.5104343414496573e-08
2.5909243459231315e-08
2.6779597090423235e-08
2.7728227275611393e-08
2.8771120980279672e-08
2.9928229692806643e-08
3.122446410685648e-08
3.2690924076209917e-08
3.4366410622096522e-08
3.6299271760586316e-08
3.8549637359709791e-08
4.1192098925726928e-08
4.4318886551132692e-08
4.8043585204075383e-08
5.2505413655949205e-08
5.787405885189723e-08
6.4355013489813442e-08
7.2195302188186689e-08
8.1689399676791212e-08
9.3185041911836209e-08
1.0708850880964318e-07
1.2386881912150901e-07
1.4406013122236998e-07
1.6826150011755667e-07
1.9713301764443231e-07
2.3138728159986094e-07
2.7177512681473216e-07
3.1906463657400213e-07
3.7401266652596456e-07
4.3732848300889143e-07
5.096296644905983e-07
5.9139114833803575e-07
6.8288922009100239e-07
7.8414331643127724e-07
8.948597084965943e-07
1.0143824043047272e-06
1.1416579220037382e-06
1.2752219367750843e-06
1.4132172507995925e-06
1.5534542085854903e-06
1.6935267530409688e-06
1.8309998832323285e-06
1.963687066530876e-06
2.090038084158709e-06
2.2096563276799712e-06
2.3239552547230246e-06
2.4369402631579208e-06
2.5560580243313565e-06
2.6929870053222377e-06
2.8641563761636872e-06
3.0906973727335446e-06
3.3974921891806789e-06
3.8110446384846362e-06
4.3561016109232763e-06
5.0513125879023106e-06
5.9046599171323419e-06
6.9097725989122742e-06
8.0443467793845824e-06
9.2715713740827653e-06
1.0544687194068305e-05
1.1813815092670491e-05
1.3033389625453195e-05
1.416835863922412e-05
1.5197939581551394e-05
1.6116916836075745e-05
1.6935601348826881e-05
1.767997409627335e-05
1.8392884778923442e-05
1.9135789266005666e-05
1.9989202080210463e-05
2.1049662815109836e-05
2.2421909193428919e-05
2.4206710786487697e-05
2.6486536208029577e-05
2.9312046092171905e-05
3.2692024277545379e-05
3.6588159504479736e-05
4.091482124466729e-05
4.5543261843654053e-05
5.0309666492475842e-05
5.5026809668339391e-05
5.9499202651631757e-05
6.3541149959529176e-05
6.6996112732899262e-05
6.9754649703627822e-05
7.1767582565726947e-05
7.3051370347187924e-05
7.3684049892393556e-05
7.3792155462437222e-05
7.3531146053183258e-05
7.3063400926572108e-05
7.2538356402383479e-05
7.2078734378825204e-05
7.1775242820362785e-05
7.1690008086260014e-05
7.1866831029422217e-05
7.2344660494433138e-05
7.3169886859666505e-05
7.4403414731091713e-05
7.6119907944797099e-05
7.839870443233865e-05
8.1308051645042045e-05
8.4885925127880618e-05
8.9121441260768148e-05
9.3940780603015751e-05
9.9200833148508339e-05
0.00010469268470596388
0.00011015567846941057
0.00011530115211919909
0.00011984325556662342
0.00012353291751492139
0.00012619054334330455
0.00012773361863909678
0.00012819675625516281
0.00012774307568451241
0.0001266662846547411
0.00012538206225289834
0.00012440579237746273
0.0001243126683493243
0.00012567732795213207
0.00012899461062222854
0.00013459040952801515
0.00014253952992657448
0.00015261195268031247
0.00016426609346741506
0.00017669649833266363
0.0001889275678165086
0.0001999318749704394
0.00020874867598805199
0.00021458682878655708
0.00021690983286832318
0.00021550782326413659
0.00021055483615202783
0.00020263346570871719
0.00019269736790825464
0.00018194936643001745
0.00017164174773355082
0.00016284229394517445
0.00015623333736501495
0.00015200671949087391
0.00014988636138570839
0.00014926816245847564
0.0001494339031003415
0.0001497840334291861
0.00015004421762102052
0.00015042470330006201
0.00015174141727703394
0.00015553863384644548
0.00016428548338885416
0.00018175581222666204
0.00021374764047285924
0.00026936086969305955
0.0003631387218782019
0.0005185002746565504
0.0007730556295554653
0.0011865940205319488
0.0018527281324810453
0.002915270355769964
0.0045902409620785815
0.0071937209037571835
0.011174278134256225
0.017146184115406034
0.025916087255546356
0.038491661660671285
0.056057096694897293
0.079898929370498417
0.11126885413141629
0.15117965996512392
0.20014680630249973
0.25790927890960463
0.32318412335782182
0.3935219376196416
0.46532796263989512
0.5340906678050088
0.59481841542362113
0.64263372460250456
0.67342817735805605
0.68445437860786085
0.67473502108231553
0.64520419427266706
0.59855359013008635
0.53882001671469415
0.47080300911929895
0.3994291641160686
0.32917820795029756
0.26365860331419105
0.20537798572658528
0.15570861447805345
0.11501151644308921
0.082861935436866277
0.058314544624120501
0.040156461992237401
0.027113564152247163
0.017994677565846884
0.011774152354436226
0.0076236305042483507
0.0049082606396072485
0.0031624282841847518
0.0020571158940844462
0.0013670395050044727
0.00094199690137505821
0.00068407286545952575
0.00053063300833891709
0.00044222284034237873
0.00039426615582094468
0.00037153795226647159
0.00036457601406954043
0.00036739518886130389
0.0003760490973264557
0.00038774104789338483
0.00040031243213370447
0.00041201734764425798
0.00042151507949775454
0.00042798805976213304
0.00043126021873188974
0.00043179596287157301
0.00043052471867028929
0.00042853479146184262
0.00042675545898473896
0.00042575074068844349
0.00042568330768553406
0.00042642060430269832
0.00042770332598638099
0.00042930035894050078
0.00043111165107313711
0.00043321241651479025
0.0004358391110851118
0.00043931143831740636
0.0004438897980688509
0.00044959443089784653
0.00045604667157394965
0.00046240756272514704
0.00046746733757997889
0.00046988589416733069
0.00046852320223428866
0.00046275833804454848
0.00045269522678594666
0.00043919225108879025
0.00042371361940264456
0.00040805567570778968
0.00039402864717645125
0.00038316714886874758
0.00037651297793440074
0.00037448296872326847
0.00037681984861334358
0.00038262663988570145
0.00039049188960877778
0.00039870722735719708
0.00040555449399160443
0.00040960780259179428
0.0004099773440734574
0.00040643275155471969
0.00039938365569995246
0.00038974519845271437
0.00037875135338095577
0.00036778166637596702
0.00035823796883834442
0.00035146419092728473
0.00034866919214495741
0.00035080808597424403
0.00035840490893788974
0.00037134506733436446
0.00038870686602717798
0.00040871661282124118
0.00042889131391814705
0.00044638103509094191
0.00045845596240360616
0.00046302471206676463
0.00045904467297672581
0.00044670760530385507
0.00042735146230132821
0.00040313732130031369
0.00037660000170531042
0.00035020149779380652
0.00032598422285890237
0.00030536274060439194
0.00028904529568373486
0.00027706060885526192
0.0002688724328392341
0.00026356878811902517
0.0002600978924661163
0.00025749654235344532
0.00025504463660231568
0.00025230153839106808
0.00024903116460405113
0.00024507442649100253
0.00024024787157864258
0.00023432395739224956
0.00022709718536220087
0.00021849281278209725
0.00020865631479946069
0.00019797682747558454
0.00018703202430629204
0.00017647465699618454
0.00016689849615396331
0.0001587214382299978
0.00015211214148525495
0.00014697155898443448
0.00014296739258301962
0.00013960970936759321
0.00013634983548005617
0.00013268202826775783
0.00012822844973507091
0.00012279260841336208
0.00011637397054168789
0.00010914522509321788
0.00010140152773606344
9.3495920964548111e-05
8.5775925477866581e-05
7.8533262977215865e-05
7.1973266930420052e-05
6.6204802043702725e-05
6.1247187909538358e-05
5.7048511648404403e-05
5.3509571651840839e-05
5.0508639142297699e-05
4.7923382686740771e-05
4.564727311569795e-05
4.359869741593079e-05
4.1722192737982737e-05
3.9982789862331293e-05
3.8356125190966877e-05
3.6818120662035504e-05
3.533805757786639e-05
3.3877598487586158e-05
3.2396109507125596e-05
3.0860289408203361e-05
2.9254484218222083e-05
2.7587735262289515e-05
2.5894654043832744e-05
2.4229226984333115e-05
2.2652915825673486e-05
2.1220198377551751e-05
1.9965466431955057e-05
1.8894789389993306e-05
1.7984650081085885e-05
1.7187820593757478e-05
1.6444648773927492e-05
1.5696701903646662e-05
1.4899301175636321e-05
1.4030033556815129e-05
1.3091612041496537e-05
1.2109034739728635e-05
1.1122383636523065e-05
1.0177438013762795e-05
9.3164148269625501e-06
8.5706879671459514e-06
7.9565404286279297e-06
7.4741639907520073e-06
7.1094619063038053e-06
6.8378267783355787e-06
6.6289407720706352e-06
6.4517014751851368e-06
6.2785338595742055e-06
6.0885551289820181e-06
5.8692917351911195e-06
5.6168934996867385e-06
5.3350269917954952e-06
5.0328240871287229e-06
4.7223741700463462e-06
4.4162566353807065e-06
4.1255183719048832e-06
3.8583405864536628e-06
3.6194584181364574e-06
3.4102418393580584e-06
3.2292481891715417e-06
3.0730241544762919e-06
2.9369574627817776e-06
2.816034190137761e-06
2.7054230051803336e-06
2.6008648795401302e-06
2.4988862817806463e-06
2.3968740380967357e-06
2.2930545668918726e-06
2.1864149380553622e-06
2.0765937883033709e-06
1.963760587496856e-06
1.8484942524757709e-06
1.7316672362481483e-06
1.6143385986000765e-06
1.4976584021015708e-06
1.3827852920004711e-06
1.2708187467637224e-06
1.1627469433181981e-06
1.0594104183850945e-06
9.6148082405321646e-07
8.694532288228265e-07
7.8364974867984679e-07
7.0423189680677098e-07
6.3121894003254531e-07
5.6450971285376647e-07
5.0390569665303897e-07
4.4913363894730885e-07
3.9986648590035293e-07
3.5574186844587908e-07
3.1637777755431934e-07
2.813853682957993e-07
2.50379043571567e-07
2.2298409671125792e-07
1.988422538228537e-07
1.7761546993773162e-07
1.5898831446319716e-07
1.4266924515062846e-07
1.2839102607429508e-07
1.1591050094318793e-07
1.0500789253720485e-07
9.5485764100850207e-08
8.7167749634647595e-08
7.9897136799474133e-08
7.3535367778714047e-08
6.7960508981300108e-08
6.3065729024863474e-08
5.8757815266000738e-08
5.4955751670256095e-08
5.1589374625158106e-08
4.8598118116951845e-08
4.5929855336097735e-08
4.3539840135529719e-08
4.1389748763195679e-08
3.9446819873719608e-08
3.7683088942480923e-08
3.6074711810870815e-08
3.4601371130085602e-08
3.3245758885022885e-08
3.1993127911632423e-08
3.0830905309873603e-08
2.9748360844977326e-08
2.8736323769214611e-08
2.7786941938869381e-08
2.689347760763464e-08
2.6050134815051191e-08
2.5251913832231211e-08
2.4494488656680676e-08
2.3774104050696571e-08
2.3087489083893505e-08
2.2431784564714288e-08
2.1804482126605991e-08
2.1203373071033782e-08
2.06265053642589e-08
2.0072147439789578e-08
1.9538757677229843e-08
1.9024958615010926e-08
1.8529515112007007e-08
1.805131580592825e-08
1.7589357327443605e-08
1.7142730821506246e-08
1.6710610404219099e-08
1.6292243247371644e-08
1.588694103500624e-08
1.5494072580126489e-08
1.5113057425045788e-08
1.4743360278431167e-08
1.4384486166265597e-08
1.4035976193886961e-08
1.3697403832763388e-08
1.3368371659125653e-08
1.3048508483043691e-08
1.2737466815627459e-08
1.243492063000483e-08
1.2140563378097674e-08
1.1854106230674076e-08
1.1575276512759603e-08
1.1303816310294947e-08
1.1039481227200312e-08
1.0782039274800116e-08
1.0531269877876893e-08
1.0286962983712818e-08
1.0048918262126993e-08
9.8169443860892407e-09
9.5908583837403746e-09
9.3704850537612767e-09
9.1556564370434216e-09
8.9462113384254402e-09
8.7419948929812896e-09
8.5428581720694544e-09
8.3486578248100278e-09
8.1592557512299151e-09
7.9745188037293214e-09
7.7943185138817673e-09
7.6185308419623096e-09
7.4470359468417817e-09
7.2797179741876618e-09
7.1164648611347237e-09
6.9571681557692213e-09
6.8017228499754249e-09
6.6500272243574237e-09
6.5019827040567613e-09
6.3574937244539889e-09
6.216467605816252e-09
6.0788144360786212e-09
5.9444469610181884e-09
5.8132804811615453e-09
5.6852327548396268e-09
5.5602239068619926e-09
5.4381763423276488e-09
5.3190146651572915e-09
5.2026656009571617e-09
5.0890579238778219e-09
4.9781223871442883e-09
4.8697916569935107e-09
4.7640002497530127e-09
4.6606844718389262e-09
4.5597823624732278e-09
4.4612336389113745e-09
4.3649796440358547e-09
4.2709632961473837e-09
4.1791290408071534e-09
4.0894228046224625e-09
4.0017919508335672e-09
3.9161852366124371e-09
3.8325527719746709e-09
3.7508459801987525e-09
3.6710175596917928e-09
3.5930214472032475e-09
3.5168127823442149e-09
3.4423478733117342e-09
3.369584163795274e-09
3.29848020097991e-09
3.228995604611997e-09
3.1610910370744859e-09
3.0947281744246065e-09
3.0298696783556752e-09
2.9664791690423723e-09
2.9045211988315935e-09
2.8439612267488204e-09
2.7847655937823033e-09
2.7269014989201685e-09
2.6703369759053243e-09
2.6150408706875414e-09
2.5609828195447038e-09
2.5081332278468036e-09
2.4564632494428395e-09
2.4059447666482551e-09
2.3565503708195713e-09
2.3082533435574389e-09
2.2610276390569569e-09
2.214847869937202e-09
2.1696892580427325e-09
