7.122093150546002e-09
7.2821656559955649e-09
7.4461035061285671e-09
7.6140055344264312e-09
7.7859731132538892e-09
7.9621103501315019e-09
8.1425241524328707e-09
8.3273243062297915e-09
8.5166235606265174e-09
8.7105377157997048e-09
8.9091857148546718e-09
9.112689739789724e-09
9.3211753119982788e-09
9.5347713977872395e-09
9.7536105194797998e-09
9.9778288727662431e-09
1.0207566451106403e-08
1.044296717810855e-08
1.0684179049010118e-08
1.0931354282585885e-08
1.1184649485082007e-08
1.1444225828075464e-08
1.1710249242579328e-08
1.1982890632127963e-08
1.2262326108204114e-08
1.2548737252064506e-08
1.2842311407837682e-08
1.3143242012880041e-08
1.3451728972629424e-08
1.3767979088849659e-08
1.4092206552002839e-08
1.4424633511112416e-08
1.476549073723211e-08
1.5115018400597452e-08
1.5473466985930355e-08
1.5841098376232111e-08
1.6218187142395202e-08
1.6605022084925045e-08
1.7001908084954923e-08
1.7409168335702432e-08
1.7827147042546146e-08
1.8256212701711293e-08
1.8696762094421958e-08
1.9149225167591931e-08
1.9614071014778325e-08
2.0091815225099525e-08
2.0583028935794508e-08
2.1088350009864879e-08
2.1608496868844959e-08
2.2144285648008244e-08
2.2696651515130468e-08
2.326667521440965e-08
2.3855616176292006e-08
2.4464953888173036e-08
2.509643966950983e-08
2.5752161562956681e-08
2.6434625771409943e-08
2.7146858976655805e-08
2.7892537015182647e-08
2.8676146814282691e-08
2.9503190271962262e-08
3.0380440968947067e-08
3.1316267311056885e-08
3.2321038998480824e-08
3.3407637682839909e-08
3.4592097368988904e-08
3.5894405573843087e-08
3.7339502442456139e-08
3.8958521816815697e-08
4.0790325392828686e-08
4.2883388121320336e-08
4.5298099177994665e-08
4.8109547067288916e-08
5.141085823417416e-08
5.5317153944171868e-08
5.9970177633972219e-08
6.554362139924175e-08
7.2249142322878728e-08
8.034300331125621e-08
9.0133195523109532e-08
1.0198679760024759e-07
1.1633719946835645e-07
1.3369066659913987e-07
1.5463154891535865e-07
1.7982525613887948e-07
2.1001794304288398e-07
2.4603169469531372e-07
2.8875390061631679e-07
3.3911949068012387e-07
3.9808481132384622e-07
4.6659218589056434e-07
5.4552466225475967e-07
6.3565113052116421e-07
7.3756290596352597e-07
8.5160401122284714e-07
9.7779872959055045e-07
1.1157814914603976e-06
1.2647357430904164e-06
1.4233500859945741e-06
1.5898016628011224e-06
1.7617785718280267e-06
1.9365551798842037e-06
2.1111367862730794e-06
2.2824932847470542e-06
2.4479049424569046e-06
2.6054458072435117e-06
2.7546284284800386e-06
2.8972219823243932e-06
3.0382267002306177e-06
3.1869324604451513e-06
3.3579043841500861e-06
3.571630592481843e-06
3.8544638666034255e-06
4.2374405182080161e-06
4.7536336112652227e-06
5.4339528889992433e-06
6.3017500712412725e-06
7.3671430892007393e-06
8.6224461183534605e-06
1.0040229424937033e-05
1.1575127471254787e-05
1.3169552593350026e-05
1.4762231844123476e-05
1.6297485482562852e-05
1.7732942370324379e-05
1.9044170043853038e-05
2.0226183876172341e-05
2.1293219945393761e-05
2.2278663597864538e-05
2.3236229412178418e-05
2.4241777107197206e-05
2.5393539454194679e-05
2.6808087388378978e-05
2.8610485355000852e-05
3.091928842008549e-05
3.3829162979061247e-05
3.7394903956495332e-05
4.1620099037222519e-05
4.6452131824875568e-05
5.1783568049975854e-05
5.7459027683686676e-05
6.3286607889727654e-05
6.9053361351959454e-05
7.4544556920097465e-05
7.9565961334282756e-05
8.3967192697265443e-05
8.7662814013376306e-05
9.064698329379258e-05
9.2997731495420718e-05
9.4868460837267991e-05
9.6466731899257679e-05
9.8023198465096523e-05
9.9755922935006302e-05
0.00010183664485686362
0.0001043654907269151
0.00010735899149966332
0.00011075333023431457
0.00011442108659604691
0.00011819637841693447
0.00012190140027676057
0.00012536781549387954
0.00012844933587637003
0.00013102609222716212
0.00013300522357802163
0.00013432369115675587
0.00013495784476116217
0.00013494042035649398
0.00013438128278299639
0.00013348536083909743
0.00013256093922262461
0.00013201343401478415
0.00013232261902755039
0.00013400361338304222
0.00013755337567828723
0.00014338581640800307
0.00015176137518932388
0.00016272177180372664
0.00017604655676509918
0.00019125194787587236
0.00020765028636033294
0.00022447771778772262
0.0002410793556233031
0.00025712022193083071
0.00027277390818037549
0.00028883525871824044
0.00030671074891950949
0.00032825917122404039
0.00035548326250880389
0.00039010882688780845
0.00043313027293733852
0.00048444263020378642
0.00054270122581611584
0.00060552562263208216
0.00067007840974599435
0.00073391683929690686
0.00079588811886305505
0.00085678580050964023
0.00091954866862570944
0.00098894901599866619
0.0010709100549236659
0.0011717207508284914
0.0012974254430812109
0.0014535662119249937
0.0016453115217640645
0.0018778878742766935
0.0021571831825845694
0.0024904074663142451
0.0028867446205290675
0.0033579720323831707
0.00391904329018082
0.0045886245275495547
0.0053895606834251123
0.0063492382378546059
0.0074998128737720762
0.008878282965524063
0.010526406885538051
0.012490477151111285
0.014820972445976651
0.017572106891658702
0.020801283959308442
0.024568441552212546
0.028935249327388227
0.033964096678518324
0.039716799068405674
0.046252958890482823
0.053627946399233135
0.061890510692264353
0.071080078970181343
0.081223842380218486
0.092333750811425599
0.10440354529850417
0.11740594825156069
0.13129011389126483
0.14597942051339616
0.1613696708883588
0.17732776785268564
0.193690959065874
0.21026680090121791
0.22683406488836499
0.24314487272911506
0.25892836048369705
0.27389610988526158
0.28774944131735519
0.30018846675281785
0.31092259840786823
0.31968203902582887
0.32622965401483456
0.33037253172945397
0.33197246653890505
0.33095456836353432
0.32731325276570289
0.32111502248735074
0.31249768894189317
0.3016659341559994
0.28888332798775751
0.27446110399594459
0.25874422302341116
0.24209555620379994
0.22487934712890195
0.20744533135309573
0.19011486857442175
0.17317014506915751
0.15684702127862826
0.14133158752984304
0.12676008209618531
0.11322157520777501
0.10076271363338903
0.089393806894687997
0.079095580675318938
0.069826009627137434
0.061526765814785438
0.054128970111638641
0.047558087102571478
0.041737925763014834
0.03659377337263818
0.032054700727694826
0.028055065179257137
0.024535248025069008
0.021441717166420158
0.018726586836307457
0.016346906702240115
0.014263913176895434
0.012442414683674859
0.010850394303936379
0.0094588370629371255
0.008241739807945004
0.0071762282335314613
0.0062426763385883977
0.0054247076510043372
0.0047089792036099243
0.004084719446814971
0.0035430863115824916
0.0030764825378891622
0.0026779724064287342
0.0023408864287102486
0.0020586169135368786
0.0018245474559404667
0.0016320514349636741
0.0014745304654247323
0.0013455091012846178
0.0012388203710465809
0.0011488912061017663
0.0010710796329233305
0.0010019607210606074
0.00093944267874334492
0.00088263678792148696
0.00083149276388570325
0.00078630529742286309
0.0007472513382814379
0.00071410243686040721
0.00068617812704490201
0.00066250336472750064
0.00064205614783825987
0.00062397649657315655
0.00060765721531383995
0.00059271865147117085
0.00057893639168897764
0.00056620519351705759
0.00055457834443224999
0.0005443482573693956
0.00053607974245950833
0.00053051061686045138
0.00052829923628684532
0.00052969054591612782
0.00053423836054938432
0.00054072221269112642
0.0005473281820139506
0.00055205569123634732
0.00055321406359918701
0.0005498264100848348
0.00054178725426069297
0.00052971978959948595
0.00051461265978169587
0.00049742197935776628
0.00047883826487498386
0.00045931796256500936
0.00043931509872325778
0.00041952301328159841
0.00040093566357020106
0.00038466382031814949
0.00037160382152311161
0.0003621431887262679
0.00035604890144070407
0.00035256350361215981
0.00035062289381600095
0.00034907511974644677
0.00034682447583590038
0.00034290059192633573
0.00033650160998907418
0.00032705845873179156
0.00031432769713268067
0.00029847838241613708
0.00028012271209840677
0.00026025705554222941
0.00024011504270611187
0.00022096649014164907
0.00020391103255418342
0.00018971159701999422
0.00017869725891371874
0.00017074631411124658
0.00016534430566253076
0.00016170011093505734
0.00015889581890556504
0.00015604268735092223
0.00015241622864059661
0.00014754876842934086
0.00014126719045912559
0.00013367528287291442
0.00012509137519739363
0.00011595989618023049
0.00010675814060759231
9.7916696207610174e-05
8.976523357065974e-05
8.2507348493905122e-05
7.6221415003801981e-05
7.0880425550643524e-05
6.6382626718711286e-05
6.2585477373529362e-05
5.9336936513762565e-05
5.6499660044123628e-05
5.3965296215205199e-05
5.1657966673833276e-05
4.9528271093238845e-05
4.7541366675214183e-05
4.566411076847469e-05
4.3856238476468473e-05
4.2068891914189685e-05
4.0251011078311613e-05
3.8361128917343937e-05
3.6380060911036124e-05
3.4319558194846771e-05
3.2223295914715786e-05
3.0159076102406922e-05
2.8203947094427709e-05
2.6426158893012897e-05
2.4868834076252841e-05
2.3539721530881124e-05
2.2409649705067956e-05
2.1419878642147324e-05
2.0496187042921572e-05
1.9565884155454488e-05
1.8573426639902009e-05
1.7491014021179866e-05
1.6322139232160087e-05
1.509803859474093e-05
1.3868715602672921e-05
1.269124882992341e-05
1.1618262500889213e-05
1.0688863395613835e-05
9.9233541465388409e-06
9.3219888856362201e-06
8.8672179736609985e-06
8.5283922841067303e-06
8.2677419552052254e-06
8.0465137605503723e-06
7.8303458327545433e-06
7.5932144823077078e-06
7.3195770153981321e-06
7.0046406667967604e-06
6.6529839434852495e-06
6.275998883478095e-06
5.8887635651754156e-06
5.506964664833536e-06
5.1443751482856266e-06
4.8111920572054954e-06
4.5133135039392469e-06
4.2524405723333468e-06
4.0267673533098893e-06
3.8319818167729404e-06
3.6623283196710563e-06
3.5115520519071179e-06
3.3736273874546349e-06
3.2432434909238361e-06
3.1160697677254573e-06
2.9888488612703668e-06
2.8593704993180007e-06
2.7263728986041081e-06
2.5894066650363323e-06
2.4486842231589762e-06
2.30492845808474e-06
2.1592281888373892e-06
2.0129048322668077e-06
1.8673931765173022e-06
1.7241385841435915e-06
1.584512484935751e-06
1.449747342641168e-06
1.3208913276760057e-06
1.1987818243754471e-06
1.0840358427463924e-06
9.7705457107922065e-07
8.780388103324623e-07
7.8701190485091228e-07
7.0384698661148718e-07
6.2829579538069025e-07
5.6001692045328249e-07
4.9860193207589235e-07
4.4359845411245038e-07
3.9452972322376871e-07
3.5091055981212325e-07
3.1225993992450344e-07
2.7811051765617542e-07
2.4801552466154664e-07
2.2155348975509935e-07
1.9833119833561148e-07
1.7798526587256876e-07
1.6018264492660807e-07
1.4462032983128423e-07
1.3102447237670924e-07
1.1914907803566309e-07
1.0877441607411657e-07
9.9705247804000498e-08
9.1768954246315088e-08
8.4813626391726349e-08
7.8706166959605105e-08
7.3330441124572878e-08
6.8585504380513461e-08
6.438392802533725e-08
6.0650236323259668e-08
5.7319464007023492e-08
5.4335838277226279e-08
5.1651585743831884e-08
4.9225861768222274e-08
4.7023797340593294e-08
4.5015656905721604e-08
4.3176099364525775e-08
4.1483533757570468e-08
3.9919560808430521e-08
3.8468491493946262e-08
3.7116934048052179e-08
3.5853441228758726e-08
3.4668210229217893e-08
3.3552828243527611e-08
3.2500057366397768e-08
3.1503653181573351e-08
3.0558212052319302e-08
2.9659042752188165e-08
2.8802058653697251e-08
2.7983687220330707e-08
2.7200794020467592e-08
2.6450618900849606e-08
2.5730722323336743e-08
2.5038940186228268e-08
2.4373345723658889e-08
2.373221730873396e-08
2.3114011182571259e-08
2.2517338296385412e-08
2.1940944592351124e-08
2.1383694164021819e-08
2.084455483296718e-08
2.0322585757522948e-08
1.9816926754950984e-08
1.9326789072540326e-08
1.8851447387404158e-08
1.8390232851651238e-08
1.7942527029560274e-08
1.7507756598485696e-08
1.7085388705514274e-08
1.6674926889064057e-08
1.6275907488431226e-08
1.5887896476227347e-08
1.5510486658042156e-08
1.5143295192003665e-08
1.4785961387563244e-08
1.4438144748574206e-08
1.4099523230574346e-08
1.3769791686166493e-08
1.3448660475954853e-08
1.3135854225401129e-08
1.2831110710450163e-08
1.2534179857035352e-08
1.2244822841339633e-08
1.1962811279410894e-08
1.168792649601892e-08
1.1419958863936759e-08
1.1158707205854058e-08
1.0903978252047897e-08
1.0655586147757597e-08
1.0413352004912655e-08
1.0177103493455101e-08
9.9466744681039554e-09
9.7219046268149839e-09
9.502639197648739e-09
9.288728651137428e-09
9.0800284355584779e-09
8.8763987327706055e-09
8.6777042326222051e-09
8.4838139240563299e-09
8.2946009013118532e-09
8.1099421837630212e-09
7.9297185481190866e-09
7.753814371806227e-09
7.5821174865283586e-09
7.4145190410710033e-09
7.2509133725192291e-09
7.0911978851759199e-09
6.9352729364889525e-09
6.7830417294136628e-09
6.6344102106731339e-09
6.4892869744383339e-09
6.3475831709911179e-09
6.2092124199875294e-09
6.0740907279762975e-09
5.9421364098405021e-09
5.8132700138958515e-09
5.6874142503727065e-09
5.564493923055516e-09
5.4444358638570915e-09
5.3271688701527803e-09
5.2126236446744194e-09
5.1007327378245041e-09
4.9914304922562872e-09
4.884652989577443e-09
4.7803379990693894e-09
4.6784249283012761e-09
4.5788547755384851e-09
4.4815700838439586e-09
4.3865148967945443e-09
4.2936347157232696e-09
4.2028764584200104e-09
4.1141884192100572e-09
4.0275202303575151e-09
3.9428228247283534e-09
3.8600483996556208e-09
3.7791503819572332e-09
3.7000833940567683e-09
3.6228032211644646e-09
3.5472667794659056e-09
3.4734320852913038e-09
3.4012582252168592e-09
3.3307053270710734e-09
3.2617345318034359e-09
3.1943079661881004e-09
3.1283887163339693e-09
3.0639408019712329e-09
3.0009291514854121e-09
2.9393195776825447e-09
2.8790787543444836e-09
2.8201741942122411e-09
2.7625742313038202e-09
2.7062479595491723e-09
