3.72351070506037e-09
3.807198466330936e-09
3.8929070795356243e-09
3.9806882166097462e-09
4.0705948769240014e-09
4.16268148989572e-09
4.2570039488307282e-09
4.3536196521541413e-09
4.4525875475035808e-09
4.5539681777785501e-09
4.6578237291703418e-09
4.7642180813467824e-09
4.8732168600128953e-09
4.9848874920891682e-09
5.0992992638121396e-09
5.2165233821069385e-09
5.3366330396358866e-09
5.459703484028903e-09
5.5858120918611648e-09
5.7150384480875717e-09
5.8474644317579504e-09
5.9831743090117223e-09
6.1222548345500317e-09
6.2647953630327379e-09
6.4108879721448213e-09
6.5606275994309688e-09
6.7141121954769383e-09
6.8714428965310689e-09
7.0327242203596328e-09
7.198064289952108e-09
7.3675750907160338e-09
7.5413727680812765e-09
7.719577973972605e-09
7.9023162725574826e-09
8.08971861810629e-09
8.2819219207051787e-09
8.4790697193739845e-09
8.6813129866508424e-09
8.8888110945460413e-09
9.1017329789201643e-09
9.3202585483261874e-09
9.5445803946660737e-09
9.7749058771256201e-09
1.0011459668582279e-08
1.0254486876122138e-08
1.0504256875325102e-08
1.0761068033614299e-08
1.102525354272174e-08
1.1297188637048817e-08
1.1577299546507243e-08
1.186607462323471e-08
1.2164078196876755e-08
1.2471967859096339e-08
1.2790516063202587e-08
1.3120637159492842e-08
1.3463421283972252e-08
1.3820176894012973e-08
1.4192484218382917e-08
1.4582262485615773e-08
1.4991854541708856e-08
1.5424133399918072e-08
1.5882636419256428e-08
1.637173422687945e-08
1.6896843225415298e-08
1.7464692601754764e-08
1.8083659211339365e-08
1.8764186567685394e-08
1.9519307405605078e-08
2.0365292843573352e-08
2.1322454908358887e-08
2.2416132860331916e-08
2.3677896988880633e-08
2.5147005769972078e-08
2.6872152707549801e-08
2.8913536775939084e-08
3.1345283824501786e-08
3.4258234013945977e-08
3.7763090524691662e-08
4.1993895509735258e-08
4.7111758746631228e-08
5.3308711247510957e-08
6.0811489557802445e-08
6.9884977218499153e-08
8.0834940310271004e-08
9.4009598960824416e-08
1.09799483925316e-07
1.2863494787881307e-07
1.5098064933707188e-07
1.7732632074601448e-07
2.0817319136032236e-07
2.4401558164725975e-07
2.8531744099751046e-07
3.324839859968109e-07
3.8582913421825079e-07
4.4554014469183459e-07
5.11641811847766e-07
5.8396379103775351e-07
6.6211630749862834e-07
7.4548188721834312e-07
8.3323430802308976e-07
9.244014107589786e-07
1.017996682982589e-06
1.1132566370886743e-06
1.2100374740256116e-06
1.3094442752798623e-06
1.4147844740980087e-06
1.5329442229949413e-06
1.6762630678644872e-06
1.8649026267144527e-06
2.1295395666823006e-06
2.5139438255016674e-06
3.0766455442206711e-06
3.8905260379795612e-06
5.0389463137663775e-06
6.6071731493022924e-06
8.6685959955989517e-06
1.1266637562456311e-05
1.4395162752603116e-05
1.7982043847944483e-05
2.1881524808574703e-05
2.5880335318821168e-05
2.9719772911414373e-05
3.3131657762672303e-05
3.5881501088827635e-05
3.7809189752045263e-05
3.8857397223285064e-05
3.9081075206047662e-05
3.8636647607354848e-05
3.7754871119952016e-05
3.6704768305192571e-05
3.5756642457898453e-05
3.5150397156255122e-05
3.5072585552033326e-05
3.5643199849824844e-05
3.6911839575502246e-05
3.8862350338260607e-05
4.1424657120806216e-05
4.4491880416965187e-05
4.7940008665547397e-05
5.1646896156190223e-05
5.5507620737722436e-05
5.9444321352539287e-05
6.3410120316822495e-05
6.7387983702230469e-05
7.138591830866897e-05
7.542970729652102e-05
7.9553830620895621e-05
8.3790851975581226e-05
8.815976455235664e-05
9.2654560065931889e-05
9.7235207092427001e-05
0.00010182370307905994
0.00010630743805260927
0.0001105506862783107
0.00011441295759118892
0.00011777081361842497
0.00012053826420097771
0.00012268053169405381
0.0001242170475572316
0.00012521192363079621
0.00012575334850837029
0.0001259265886526888
0.00012578752777992613
0.00012534408212125573
0.00012455102375092398
0.00012332015466651295
0.00012154354650812777
0.00011912411434435279
0.0001160061959129915
0.00011219932321610201
0.00010779044366459949
0.00010294250487962586
9.7879737023435042e-05
9.2861817716597469e-05
8.8150510774526666e-05
8.3973580187943442e-05
8.0491811866096959e-05
7.7775466884159622e-05
7.5795850229580427e-05
7.4435442340834156e-05
7.3516251682877683e-05
7.2841476849093268e-05
7.2241599571600418e-05
7.1614167343768883e-05
7.0947678319232255e-05
7.0323926237131655e-05
6.9898545337164695e-05
6.9864503130788517e-05
7.0406606737847955e-05
7.1656451079696076e-05
7.3657132288222277e-05
7.6345815476885049e-05
7.9559447180310022e-05
8.3063781069263724e-05
8.6598736672481371e-05
8.9926345659200772e-05
9.2865044266115133e-05
9.5298725566368564e-05
9.7159972301247391e-05
9.8399203497818657e-05
9.8958334837379974e-05
9.8764743710233254e-05
9.7750094333115217e-05
9.5885110841165708e-05
9.3213052273592698e-05
8.9865521203591104e-05
8.6052950532408774e-05
8.203321722065465e-05
7.806953512941764e-05
7.4390306427422971e-05
7.1160097241711065e-05
6.8465680562574018e-05
6.6317036742470471e-05
6.4661146916613352e-05
6.3405424156175264e-05
6.2446505716505868e-05
6.1698725997111933e-05
6.1115927042940839e-05
6.0701551743330013e-05
6.0505397453450506e-05
6.0609735182998527e-05
6.1110723752027903e-05
6.2101698884065671e-05
6.3662943696372228e-05
6.5859201828787645e-05
6.8743087284187625e-05
7.2360660992690871e-05
7.6754850660048726e-05
8.1962718026186101e-05
8.8003699792729343e-05
9.4858163789900797e-05
0.00010243913651762728
0.00011056424640830533
0.00011893811894717212
0.00012715562797016675
0.00013473241679899469
0.00014116168589787471
0.00014598795075811114
0.00014888247176218889
0.00014970346059553494
0.00014852703209846996
0.00014564064291987773
0.00014149782705591611
0.00013664090769013231
0.00013160701180510629
0.00012684041069083645
0.0001226363100033275
0.00011913261196613279
0.0001163468996161695
0.00011423484067433534
0.00011273737617609193
0.00011179575400212481
0.00011133915810329692
0.00011127051195318104
0.00011147542422863334
0.00011185758730383154
0.00011237929500291648
0.00011307877592902076
0.00011405246018445255
0.00011541667937579163
0.00011727931171457594
0.00011974710446525584
0.00012297497173331472
0.0001272446717816852
0.00013305317671440616
0.00014119616072915254
0.00015284204798868772
0.00016960003736417992
0.00019359010975066238
0.00022752751909145034
0.00027484189279931934
0.00033986099011951279
0.00042809605687360206
0.00054666290680380864
0.00070485732946868739
0.00091487960001995934
0.0011926819926633154
0.0015589069892985527
0.0020398957562462903
0.0026687674086790722
0.0034865833294997323
0.0045436052485190752
0.0059006306705732823
0.0076303528843936269
0.0098186512887241048
0.012565668649903192
0.015986470167196069
0.020211010581697154
0.025383082184092558
0.031657906562215524
0.039198080957497827
0.048167686819889706
0.058724489112709596
0.07101028184154172
0.085139571082374993
0.10118695154536637
0.11917374417034279
0.13905471588703575
0.16070596425677144
0.18391526259318841
0.20837626192226266
0.23368788108637414
0.25935995449754679
0.28482574888151918
0.30946134088695171
0.33261113380653567
0.35361807435366088
0.37185650963584033
0.38676519420730526
0.39787778996885348
0.40484833607088394
0.40746959713462783
0.40568287509747619
0.39957870085428199
0.38938868847177849
0.37546961580078203
0.35828139140395737
0.33836092081984348
0.31629398609140352
0.29268713483766867
0.26814129930859393
0.24322849905665866
0.21847258078139967
0.1943345556638065
0.1712027317482929
0.14938752029620689
0.12912053050499189
0.11055736526031883
0.093783397717461608
0.0788217456857018
0.065642663280274641
0.054173626744490146
0.044309488294175373
0.035922189254251571
0.028869642927512453
0.023003506510571255
0.018175659140143959
0.014243297644311443
0.011072659152003637
0.0085414751745164861
0.0065403378430871932
0.0049731974338928994
0.0037572059344877203
0.0028220871775023189
0.0021091732345931437
0.0015702183678546798
0.00116609049639423
0.00086543658887356528
0.00064340896448792251
0.00048051681771760392
0.00036163487128126052
0.00027516956169591734
0.00021236253482450146
0.00016670493478957148
0.00013344055633354477
0.00010914476497910319
9.1373573324501217e-05
7.8380850014415142e-05
6.8901448366311807e-05
6.1995450176048462e-05
5.6945257769404689e-05
5.3194203043199203e-05
5.0313632954491023e-05
4.7985661179222702e-05
4.5991015531894592e-05
4.4195144583732749e-05
4.2530004760762444e-05
4.0972621901906627e-05
3.952373039467462e-05
3.8190174377650698e-05
3.6973560833239129e-05
3.5865634811544094e-05
3.484894854648855e-05
3.3900374559797726e-05
3.2995131419222305e-05
3.2109950912578592e-05
3.1225161686599954e-05
3.0326160268188299e-05
2.9404707848376513e-05
2.8459928729698926e-05
2.7498308660385394e-05
2.6531897432423429e-05
2.5574489421840281e-05
2.4636543735083867e-05
2.3720486799793912e-05
2.2818302891960778e-05
2.1912740826839106e-05
2.0982230398073954e-05
2.0008203129709805e-05
1.8982517447338374e-05
1.7912493979408177e-05
1.6821744152378133e-05
1.5746271184728588e-05
1.4726782172374962e-05
1.3799295799666387e-05
1.2986621578956999e-05
1.2293009810700018e-05
1.1703348744272262e-05
1.1187015863152407e-05
1.0705251522117751e-05
1.0220061525011489e-05
9.7023895395334824e-06
9.1376639152831109e-06
8.5276619327293386e-06
7.8886627972839263e-06
7.2467640781775222e-06
6.6317770007012528e-06
6.071203795200579e-06
5.5855004516738403e-06
5.1853099086025285e-06
4.8708058916022086e-06
4.6328598374611637e-06
4.4554942211801928e-06
4.3190036950232536e-06
4.2031609441380262e-06
4.0900253629557472e-06
3.9660062775682105e-06
3.822983668228417e-06
3.6584496266906506e-06
3.4747888048526316e-06
3.2779428090907517e-06
3.0757770718201898e-06
2.876474084633617e-06
2.6872167991702959e-06
2.5133213400244031e-06
2.357860156840688e-06
2.2217157492803282e-06
2.103941218777861e-06
2.0022828336306818e-06
1.9137345460804369e-06
1.835030734422192e-06
1.7630260886075453e-06
1.6949488050437156e-06
1.6285389283423982e-06
1.5620967566312303e-06
1.4944691261133591e-06
1.4249979364730715e-06
1.3534491307585e-06
1.2799341328039058e-06
1.2048308701927574e-06
1.1287083514857622e-06
1.0522570701145415e-06
9.7622675939738894e-07
9.0137271285600405e-07
8.2841164498673777e-07
7.5798771496443075e-07
6.9064883822007697e-07
6.2683283383451207e-07
5.6686240200131503e-07
5.1094748960403619e-07
4.5919334243666653e-07
4.1161247601971856e-07
3.6813890238222065e-07
3.2864318246279838e-07
2.9294717833547637e-07
2.6083770457537707e-07
2.3207858288696556e-07
2.0642086209176987e-07
1.8361116413831217e-07
1.6339825474768034e-07
1.4553802113235439e-07
1.2979707952644003e-07
1.1595524385520491e-07
1.0380707474654804e-07
9.3162704339295614e-08
8.3848103743837706e-08
7.5704931110691619e-08
6.8590071739235816e-08
6.2374958788516438e-08
5.6944744249022885e-08
5.2197374648979817e-08
4.8042613965164531e-08
4.4401046767803394e-08
4.1203087169785597e-08
3.8388013180201899e-08
3.5903041205181447e-08
3.3702451422803551e-08
3.1746771399989858e-08
3.0002022499225701e-08
2.8439031266285474e-08
2.7032806048478547e-08
2.5761977529329241e-08
2.4608300649301769e-08
2.3556214479955395e-08
2.2592455997523724e-08
2.1705723323161241e-08
2.0886383824142301e-08
2.0126222463365816e-08
1.9418225908947497e-08
1.8756398135762593e-08
1.8135603538533397e-08
1.7551433904690148e-08
1.7000095944288212e-08
1.6478316427184681e-08
1.5983262321724735e-08
1.5512473655614826e-08
1.5063807122379155e-08
1.4635388732662608e-08
1.4225574056872316e-08
1.3832914824591845e-08
1.3456130837533848e-08
1.3094086318802188e-08
1.2745769963354188e-08
1.2410278076040746e-08
1.2086800286054246e-08
1.1774607413109213e-08
1.1473041132780224e-08
1.1181505148806803e-08
1.0899457630096244e-08
1.0626404711604999e-08
1.0361894892529386e-08
1.010551419339624e-08
9.8568819569610737e-09
9.6156471969479764e-09
9.3814854144121686e-09
9.1540958145657634e-09
8.9331988675756815e-09
8.7185341657473481e-09
8.5098585367976533e-09
8.3069443791064567e-09
8.1095781897806475e-09
7.9175592607411101e-09
7.7306985214649892e-09
7.5488175100967072e-09
7.3717474571159134e-09
7.1993284678692404e-09
7.0314087921416699e-09
6.8678441704316033e-09
6.7084972479460718e-09
6.5532370484787184e-09
6.4019385012877277e-09
6.2544820149593917e-09
6.1107530929693792e-09
5.9706419862776884e-09
5.8340433788867824e-09
5.7008561027269999e-09
5.5709828786898515e-09
5.4443300810089745e-09
5.3208075224626669e-09
5.2003282582288538e-09
5.0828084064140785e-09
4.9681669835378085e-09
4.8563257534197055e-09
4.7472090881262697e-09
4.6407438397390357e-09
4.5368592218812145e-09
4.4354867000414692e-09
4.3365598898275815e-09
4.2400144624013572e-09
4.1457880564084038e-09
4.0538201957945948e-09
3.9640522129695336e-09
3.8764271768333403e-09
3.7908898252310223e-09
3.7073865014430328e-09
3.6258650943732243e-09
3.5462749821155705e-09
3.4685669786122771e-09
3.3926932831700389e-09
3.3186074325917739e-09
3.2462642557214139e-09
3.1756198302232557e-09
3.106631441431768e-09
3.0392575431085972e-09
2.9734577199818603e-09
2.9091926519455176e-09
2.8464240797956663e-09
2.7851147724150792e-09
2.7252284953026448e-09
2.6667299803735985e-09
2.6095848969434931e-09
2.5537598238315131e-09
2.4992222225191537e-09
2.4459404113008816e-09
2.3938835403757758e-09
2.3430215678291759e-09
2.293325236458795e-09
2.2447660514013638e-09
2.1973162585204261e-09
2.1509488235228431e-09
2.1056374117623038e-09
2.061356368706932e-09
2.0180807010354799e-09
1.9757860583363608e-09
1.9344487153866658e-09
1.8940455549823143e-09
1.8545540513005649e-09
1.8159522537728775e-09
1.7782187714465743e-09
1.7413327578196974e-09
1.7052738961272391e-09
1.6700223850677018e-09
1.6355589249463356e-09
1.601864704227786e-09
1.5689213864798868e-09
1.5367110976998102e-09
1.5052164140531747e-09
1.4744203503601119e-09
1.4443063508483298e-09
1.414858257068135e-09
