3.4476155792554736e-09
3.5251034108238883e-09
3.6044624506146706e-09
3.6857405500436941e-09
3.7689867903622214e-09
3.854251577742924e-09
3.9415866747060663e-09
4.0310452383800184e-09
4.1226818614410554e-09
4.2165526148622712e-09
4.3127150925177887e-09
4.4112284577945872e-09
4.512153492415118e-09
4.6155526477129104e-09
4.7214900986222914e-09
4.8300318007310989e-09
4.9412455507546889e-09
5.0552010509155955e-09
5.1719699777544013e-09
5.2916260560155033e-09
5.4142451384071887e-09
5.5399052921334403e-09
5.6686868933359084e-09
5.8006727307799787e-09
5.9359481204043415e-09
6.0746010327060373e-09
6.2167222353319746e-09
6.3624054537696088e-09
6.5117475536513494e-09
6.6648487489697914e-09
6.8218128414388607e-09
6.9827474974087171e-09
7.1477645702188724e-09
7.3169804776382035e-09
7.4905166462740043e-09
7.6685000376193935e-09
7.8510637738175291e-09
8.038347885525713e-09
8.2305002095618312e-09
8.4276774707602002e-09
8.6300465907034794e-09
8.8377862765568751e-09
9.0510889562320355e-09
9.2701631426834067e-09
9.4952363307652632e-09
9.7265585562407492e-09
9.9644067794315897e-09
1.0209090297565854e-08
1.0460957442454348e-08
1.0720403886634148e-08
1.0987882965356599e-08
1.1263918528600375e-08
1.1549120972538754e-08
1.184420727163998e-08
1.2150026049783564e-08
1.2467589004297745e-08
1.2798110344699519e-08
1.314305634700442e-08
1.3504207676763386e-08
1.388373782575963e-08
1.428431186985187e-08
1.4709210823659054e-08
1.5162488180628139e-08
1.5649166824499588e-08
1.6175486418529157e-08
1.6749213652831389e-08
1.7380030372304369e-08
1.8080017603616264e-08
1.8864256790305928e-08
1.9751573002141137e-08
2.0765448284541844e-08
2.1935136302476231e-08
2.3297011489276919e-08
2.4896186309558457e-08
2.6788428023408317e-08
2.904240027962314e-08
3.1742243502789164e-08
3.4990489708185465e-08
3.8911280319547375e-08
4.365381810250938e-08
4.9395935137179087e-08
5.6347597225027388e-08
6.4754091808539374e-08
7.4898563601396163e-08
8.7103474110489633e-08
1.0173047518426126e-07
1.1917811274598256e-07
1.3987672811771333e-07
1.6427991667515728e-07
1.9285195473728162e-07
2.2605073381287891e-07
2.6430596331410473e-07
3.0799273139501567e-07
3.57400954929011e-07
4.1270180123711036e-07
4.7391281363258392e-07
5.4086419930828698e-07
6.1316951759853029e-07
6.9020482276696906e-07
7.711011753966481e-07
8.5475638995795238e-07
9.3987303864804905e-07
1.025031234468061e-06
1.1088067076876901e-06
1.1899471549327023e-06
1.2676223792086174e-06
1.3417652788060341e-06
1.4135193365198211e-06
1.485801259878186e-06
1.5639723965862319e-06
1.6565891944983177e-06
1.7761757063565856e-06
1.9399409307559946e-06
2.1703665547681263e-06
2.4956291244612815e-06
2.9498887297701363e-06
3.5735314059964691e-06
4.4134100521065843e-06
5.5228885633343699e-06
6.9610113486675755e-06
8.7895065058314853e-06
1.1065923148099081e-05
1.3831516167765628e-05
1.7093979863378246e-05
2.0807806308212725e-05
2.4858138815474836e-05
2.9055979169150898e-05
3.3151779611499633e-05
3.6869927789678129e-05
3.9959287206001536e-05
4.2247533912133415e-05
4.3683101572401303e-05
4.4350644078217281e-05
4.445392592408996e-05
4.4270902129266405e-05
4.4094870052926767e-05
4.4179187688257526e-05
4.470005718241082e-05
4.5744180073577144e-05
4.7319354944854974e-05
4.937973505254697e-05
5.1855206365261323e-05
5.4675864140566701e-05
5.7786227502817229e-05
6.114780999669617e-05
6.4731764451526821e-05
6.8505196953591317e-05
7.2415611686762728e-05
7.6378118703047438e-05
8.0269611447217158e-05
8.3932979204863646e-05
8.7192447985857518e-05
8.9878509855582134e-05
9.1858171274378374e-05
9.3064249177432447e-05
9.3516914593935719e-05
9.3331943155055294e-05
9.2712893194827565e-05
9.1927905848969866e-05
9.1275028609434601e-05
9.1042096592176735e-05
9.1467869327292075e-05
9.2710378176899801e-05
9.4826695303259334e-05
9.7766149010387537e-05
0.00010137691615000114
0.00010542429025077356
0.00010961788141820264
0.00011364444047744239
0.00011720267810583211
0.00012003619499890636
0.00012196050605687546
0.00012288043308366828
0.00012279522402877836
0.00012179076372020237
0.00012002084040722717
0.00011768185162193375
0.00011498665412736827
0.00011214285672950785
0.00010933873071516229
0.00010673680808779235
0.00010447238900993413
0.00010265283756951435
0.00010135439449928502
0.00010061595976258959
0.00010043254877498778
0.0001007530655111715
0.00010148631899757534
0.00010251590823744326
0.00010372039921191967
0.00010499253267875801
0.00010625161736898734
0.00010744635989054857
0.00010854897526180047
0.00010954324131769791
0.00011040873271015338
0.00011110254487302332
0.00011154074484065116
0.00011158506294804215
0.00011104352253368889
0.00010969293572229311
0.0001073244138709027
0.0001038023407736587
9.9118255334695304e-05
9.3419494653330701e-05
8.7000162086634967e-05
8.0255607155987389e-05
7.3614436282777433e-05
6.7468206930268505e-05
6.211659504489953e-05
5.7737710382915916e-05
5.4384273492224506e-05
5.200042268921811e-05
5.0451971717245441e-05
4.9563503443914134e-05
4.9156652767722249e-05
4.9084265276560938e-05
4.9255274482397804e-05
4.9646217533708981e-05
5.0297812646887279e-05
5.1298280103589434e-05
5.2757720138055948e-05
5.4778828324078575e-05
5.7428596921516298e-05
6.0714443750301649e-05
6.4567523105500574e-05
6.8836068498270102e-05
7.3291723668705757e-05
7.7650771724639586e-05
8.160939100763958e-05
8.4888136828635544e-05
8.7277313958002565e-05
8.8673440321855742e-05
8.9098537062783317e-05
8.8698272670211182e-05
8.7720776339449954e-05
8.6483415889805347e-05
8.5338144770121918e-05
8.4645574385742718e-05
8.4762814013441111e-05
8.6040916060799031e-05
8.8817660480580127e-05
9.3386621308440518e-05
9.9931118418138321e-05
0.00010843446038483519
0.00011860799760348404
0.00012989688020959293
0.00014160960227783894
0.00015316685614986939
0.00016440068827345883
0.00017579775226226588
0.00018860189607488394
0.00020476526220396279
0.00022681929776519413
0.00025777621262526883
0.00030114721602711165
0.00036110010480074121
0.00044272130254641303
0.00055232833482766455
0.0006977971728673295
0.00088890026282916303
0.0011376703109376683
0.0014588026501556064
0.0018700913751235205
0.0023928735311441207
0.003052443109873047
0.0038784051242153378
0.004904989569627395
0.0061714678931632733
0.0077230550778056494
0.00961308429523265
0.011907820244060707
0.014695930737376241
0.018105020837972909
0.022327038089985415
0.027651728411774528
0.034501687353002825
0.043454002454065936
0.055224505364108216
0.070586893368285053
0.090207993800045641
0.11440743699326794
0.14289166520583577
0.1745526931366794
0.20743640105397315
0.23895224998312042
0.2663157548795993
0.28711595470525275
0.29983128161286182
0.30412017087627069
0.30079382959060713
0.29150090149249452
0.2782571792324669
0.26299025543667548
0.2472304041802752
0.23199586357297178
0.2178399926439176
0.2049840776679025
0.19346014888625676
0.18321733690254927
0.17417983212104299
0.1662678040217663
0.15940005215714118
0.15349312946736768
0.14846356628596843
0.14423318898150203
0.14073451539717499
0.13791332263602277
0.13572714692196536
0.13414025471646937
0.13311673185842762
0.13261360460015217
0.13257552767278777
0.1329318612739552
0.13359619817721211
0.13446781262501598
0.13543423006014221
0.13637421693030602
0.13716088929042869
0.13766511518178579
0.13775962989796425
0.13732406681355142
0.13625047992366579
0.13444830253101536
0.13184762633535091
0.12840053117072164
0.12408164691233778
0.11889023017564403
0.11285571072009687
0.10604654529178169
0.098579211319174714
0.090622128182281089
0.082389841214415518
0.074126097799767865
0.06607883973958377
0.058473218366462042
0.051489004883763859
0.045246576764144036
0.03980268386818793
0.035154963096400087
0.031253072994482059
0.02801385920270761
0.025337664412525624
0.02312284799011011
0.021276150553709475
0.019717807551216125
0.018381870615116744
0.017213421092158631
0.016164848547756492
0.015193089527683834
0.014258928562662363
0.013328489347419157
0.012376179202611325
0.011387802374334469
0.010362453972099849
0.0093121751447242315
0.0082590872740297139
0.0072305830931456757
0.006253814687877301
0.0053509204833885439
0.0045361058558854679
0.0038149987912548828
0.0031859545440436178
0.0026424786515985435
0.0021758208439974142
0.0017770176702793267
0.0014380565750465096
0.0011522080475462975
0.00091380212527317455
0.00071778309654320761
0.0005593061623474961
0.00043351454138811888
0.00033551769253372976
0.00026051554777211956
0.0002039862777794147
0.00016186430930012802
0.00013066280023061051
0.0001075245221438941
9.0207405603242303e-05
7.7022755162177415e-05
6.6746828082766164e-05
5.8523600778368557e-05
5.1771551467783449e-05
4.6102413580766714e-05
4.1256002633613569e-05
3.7052376052495869e-05
3.3360418049102658e-05
3.00802312780231e-05
2.7135499993394561e-05
2.4471456496305465e-05
2.2054380323886716e-05
1.9869636494634233e-05
1.7916833138247152e-05
1.6202321200350078e-05
1.4730537498974236e-05
1.3496306228717047e-05
1.2480071121865757e-05
1.1647254413906446e-05
1.09518146473649e-05
1.0342959479524596e-05
9.7731881465903513e-06
9.205598469445546e-06
8.6187300249612391e-06
8.0079880842157535e-06
7.383640194444294e-06
6.7662085856081491e-06
6.1805773614836042e-06
5.6502104446704527e-06
5.1925950895253954e-06
4.8165432160576605e-06
4.5214766454653918e-06
4.2984253780057494e-06
4.132237260988989e-06
4.0044219265877937e-06
3.8960853871760595e-06
3.7905060950965594e-06
3.6750276610310427e-06
3.5420840072556558e-06
3.389321577934446e-06
3.2189271017975024e-06
3.0363869654077539e-06
2.8489725646911104e-06
2.6642510896763249e-06
2.4888656656838972e-06
2.3277319424161551e-06
2.1836890166915125e-06
2.0575491270863688e-06
1.9484314679395202e-06
1.8542460064145421e-06
1.7722068710421721e-06
1.6992885318622677e-06
1.6325774769732865e-06
1.5695065733596076e-06
1.5079830677047811e-06
1.4464332951103955e-06
1.3837898537085707e-06
1.3194438113908183e-06
1.2531788225898367e-06
1.1850982831187008e-06
1.1155521340608286e-06
1.0450669949597835e-06
9.7428172972384962e-07
9.0388985074162029e-07
8.3458987585704724e-07
7.6704453008078798e-07
7.0184935786147581e-07
6.3951085298433408e-07
5.804336816401105e-07
5.249160644487484e-07
4.7315198198481536e-07
4.2523863013110188e-07
3.8118749129565663e-07
3.4093748578093131e-07
3.0436888270262552e-07
2.7131693144059462e-07
2.4158447493924392e-07
2.1495308761713519e-07
1.9119251872373008e-07
1.7006840516910004e-07
1.5134834505571581e-07
1.3480650039061823e-07
1.2022693456020833e-07
1.0740589801224165e-07
9.6153264368998024e-08
8.6293297275511623e-08
7.7664901909351966e-08
7.0121488437128061e-08
6.3530550262747553e-08
5.7773038839680274e-08
5.2742599407815155e-08
4.8344718024806342e-08
4.4495819200852935e-08
4.1122344741510244e-08
3.8159837519902943e-08
3.5552048384542253e-08
3.3250079916631718e-08
3.1211577030991337e-08
2.9399971300416238e-08
2.7783783265106724e-08
2.6335984799660909e-08
2.503342180368757e-08
2.3856296027894867e-08
2.2787703713911294e-08
2.1813227885681093e-08
2.0920580549715324e-08
2.0099290707346779e-08
1.934043391888918e-08
1.8636399151075586e-08
1.7980688752693356e-08
1.7367747606154554e-08
1.6792817768388907e-08
1.6251815218324882e-08
1.5741225651294397e-08
1.5258016587436654e-08
1.4799563379769338e-08
1.4363587009960136e-08
1.3948101840365212e-08
1.3551371746391529e-08
1.3171873282407091e-08
1.2808264737213115e-08
1.2459360112545408e-08
1.2124107211654842e-08
1.1801569156990632e-08
1.149090876834791e-08
1.1191375327959877e-08
1.090229333900009e-08
1.0623052950912514e-08
1.0353101780841039e-08
1.0091937906691632e-08
9.8391038458405244e-09
9.5941813651018005e-09
9.356786993814559e-09
9.1265681333643574e-09
8.9031996742490945e-09
8.6863810464040001e-09
8.4758336405432395e-09
8.271298548179996e-09
8.0725345762555384e-09
7.8793164990429394e-09
7.6914335157064559e-09
7.5086878865276674e-09
7.3308937247940238e-09
7.1578759245739698e-09
6.9894692074405405e-09
6.8255172734780544e-09
6.6658720438974664e-09
6.5103929842904137e-09
6.3589464989650519e-09
6.211405388017553e-09
6.0676483599004905e-09
5.9275595930884432e-09
5.7910283412829129e-09
5.657948577250434e-09
5.5282186709784908e-09
5.4017410983674329e-09
5.2784221770949237e-09
5.158171826717152e-09
5.0409033503869825e-09
4.9265332358723856e-09
4.8149809738577179e-09
4.7061688916919859e-09
4.6000220009863544e-09
4.4964678576404229e-09
4.3954364330326173e-09
4.2968599952411989e-09
4.2006729993040002e-09
4.1068119856271227e-09
4.0152154857415262e-09
3.9258239347160134e-09
3.8385795895811495e-09
3.7534264532077866e-09
3.6703102031441999e-09
3.589178124953716e-09
3.5099790496534035e-09
3.432663294896788e-09
3.35718260957657e-09
3.2834901215585674e-09
3.2115402882806866e-09
3.1412888500022078e-09
3.0726927854656749e-09
3.0057102698052657e-09
2.9403006345226778e-09
2.8764243293712558e-09
2.8140428860215084e-09
2.7531188833658067e-09
2.6936159143676946e-09
2.6354985543290582e-09
2.5787323305042614e-09
2.5232836929570459e-09
2.4691199865938133e-09
2.4162094242952832e-09
2.3645210610824707e-09
2.3140247692632631e-09
2.2646912144948608e-09
2.2164918327188671e-09
2.169398807921295e-09
2.1233850506725484e-09
2.0784241774105429e-09
2.0344904904313978e-09
1.9915589585465093e-09
1.9496051983850274e-09
1.9086054563068248e-09
1.8685365908994879e-09
1.8293760560287882e-09
1.7911018844337479e-09
1.7536926718265784e-09
1.717127561487769e-09
1.6813862293320319e-09
1.6464488694290882e-09
1.6122961799624653e-09
1.5789093496048166e-09
1.5462700443000573e-09
1.5143603944354928e-09
1.4831629823885402e-09
1.4526608304392565e-09
1.4228373890335701e-09
1.393676525432437e-09
1.3651625130490358e-09
1.3372800228879971e-09
1.3100140938366551e-09
