2.8591251783207761e-09
2.9233853750050263e-09
2.9891972896403854e-09
3.0566005980834504e-09
3.1256359953872624e-09
3.1963452745928255e-09
3.2687713526986715e-09
3.3429583023135089e-09
3.4189513855051463e-09
3.4967970891478636e-09
3.5765431617869998e-09
3.6582386521697137e-09
3.7419339495801828e-09
3.8276808262005666e-09
3.9155324817058593e-09
4.0055435903708299e-09
4.0977703510046474e-09
4.192270540085676e-09
4.2891035685515315e-09
4.3883305427666609e-09
4.4900143303250786e-09
4.5942196314293703e-09
4.7010130567930887e-09
4.8104632131524316e-09
4.9226407977453399e-09
5.037618703366282e-09
5.1554721359734616e-09
5.2762787472267867e-09
5.4001187848775124e-09
5.5270752645447324e-09
5.6572341672167751e-09
5.7906846678064564e-09
5.9275194012238526e-09
6.0678347740136475e-09
6.2117313313509782e-09
6.3593141915673338e-09
6.5106935631442311e-09
6.6659853627162048e-09
6.8253119570205392e-09
6.9888030572595346e-09
7.1565968012312564e-09
7.3288410672688185e-09
7.5056950748615493e-09
7.6873313404409257e-09
7.8739380740537927e-09
8.0657221241251113e-09
8.2629126048708575e-09
8.4657653753184401e-09
8.6745685823278616e-09
8.8896495352025152e-09
9.1113832491067841e-09
9.3402030830005267e-09
9.576614009780221e-09
9.8212091985230984e-09
1.0074690768703099e-08
1.0337895804374634e-08
1.0611829004607589e-08
1.0897703710324815e-08
1.1196993505339508e-08
1.151149716304283e-08
1.1843420425283348e-08
1.2195478986137048e-08
1.257102814252844e-08
1.2974225899591548e-08
1.3410237913294401e-08
1.3885494542178438e-08
1.4408012476392421e-08
1.498779590526752e-08
1.5637334925753781e-08
1.6372221779525054e-08
1.7211908352768701e-08
1.8180630890732966e-08
1.9308529642475437e-08
2.0632991567329639e-08
2.2200242518932539e-08
2.4067210485627508e-08
2.630367232408496e-08
2.8994681641223757e-08
3.2243253667659689e-08
3.6173252835195698e-08
4.0932389366640111e-08
4.6695182203296054e-08
5.3665687763709888e-08
6.2079729554061529e-08
7.2206296664475715e-08
8.4347716125990232e-08
9.8838153950295568e-08
1.1603997392008327e-07
1.3633749542165761e-07
1.6012775657222126e-07
1.8780802103983986e-07
2.1975997841099294e-07
2.5633088614169464e-07
2.9781228644610809e-07
3.4441739601855694e-07
3.9625879507353543e-07
4.5332861798891029e-07
5.1548406523679556e-07
5.8244174361306608e-07
6.5378519463074718e-07
7.2899119101632502e-07
8.0748230373225804e-07
8.887163147935595e-07
9.7232770350364474e-07
1.0583427507145965e-06
1.1474969394226621e-06
1.241688668129795e-06
1.3446016288789036e-06
1.4625115085945894e-06
1.6052514817124828e-06
1.7872384291212515e-06
2.0283608400616667e-06
2.3544210714684644e-06
2.7967534924032456e-06
3.3906677655048272e-06
4.1725482755717186e-06
5.1757843268857074e-06
6.4261301508134393e-06
7.9374188678576306e-06
9.7085564278609786e-06
1.1722260798996706e-05
1.3945185909219981e-05
1.632828444313128e-05
1.8806109084633124e-05
2.1294666058736038e-05
2.3689295676511486e-05
2.586598877921974e-05
2.7690213527987871e-05
2.9035662613340897e-05
2.9811390772217508e-05
2.9991095844817839e-05
2.9635183488208541e-05
2.8896728050200309e-05
2.8006835883804189e-05
2.7241548440452065e-05
2.6878410340692617e-05
2.7153639816830778e-05
2.8229592287110728e-05
3.0177953890869111e-05
3.2979028817330735e-05
3.653364707505393e-05
4.068259748416276e-05
4.5228826204724761e-05
4.9958956246307918e-05
5.4662015784415251e-05
5.9144157429801327e-05
6.3238706040476551e-05
6.6811443855444716e-05
6.9761854692577358e-05
7.2021979245968337e-05
7.3555156686710518e-05
7.4356785739926036e-05
7.4458151152265195e-05
7.3932598380749745e-05
7.2901548970416812e-05
7.1536781455942288e-05
7.0055570410668358e-05
6.8706727057932173e-05
6.7747885972904633e-05
6.7416802886169014e-05
6.7901214655656327e-05
6.9312438562650934e-05
7.1667211047276935e-05
7.4880559749148821e-05
7.8770369459790012e-05
8.3072459704819642e-05
8.7463969605614358e-05
9.1592712836438396e-05
9.5110457996553323e-05
9.7708068987531312e-05
9.91496040293349e-05
9.9301019085217514e-05
9.8148005223814365e-05
9.5797920870709566e-05
9.2463422367007158e-05
8.8429772950508276e-05
8.4012364868307274e-05
7.9513825145872442e-05
7.5189942167403978e-05
7.1230584857838748e-05
6.7757056935682929e-05
6.4832768631095151e-05
6.2481255413642453e-05
6.0705059285268341e-05
5.9500416474818245e-05
5.8864994525668176e-05
5.8797979263032913e-05
5.9293090953497802e-05
6.0325912310929041e-05
6.1838052784121298e-05
6.3722627982226913e-05
6.5817598162678511e-05
6.7913776422377168e-05
6.978087191128464e-05
7.1207733162448474e-05
7.2044903544447612e-05
7.2233484389633626e-05
7.1807777319396186e-05
7.0869778098792661e-05
6.9546232276266961e-05
6.7946742902054099e-05
6.6139991939265412e-05
6.4155481297580659e-05
6.2005879198446116e-05
5.9716585487000701e-05
5.7348102573511839e-05
5.5002317653596067e-05
5.2811827689263129e-05
5.0917717334167923e-05
4.9443632234879271e-05
4.8473108768106197e-05
4.803484510963436e-05
4.8098512129532947e-05
4.8582134618560646e-05
4.9370412855761138e-05
5.0341084089901977e-05
5.1393922420372527e-05
5.2475446432194761e-05
5.3593001839471439e-05
5.4814750918773676e-05
5.625607414406106e-05
5.8056187860538108e-05
6.0350143708289778e-05
6.3240834188822142e-05
6.6774332702856104e-05
7.0921135473169813e-05
7.556606429347472e-05
8.0509983030397289e-05
8.5485784980526732e-05
9.0188553171593558e-05
9.4315860921126958e-05
9.761046787252792e-05
9.9896016958341937e-05
0.00010109776887683434
0.00010124454498738605
0.000100453324618098
9.8902414100281947e-05
9.680131749932941e-05
9.4364884857936428e-05
9.179635891792812e-05
8.9279531495495154e-05
8.6975760948322068e-05
8.5018993190706101e-05
8.3503186124931456e-05
8.2462468369031653e-05
8.1852829170885207e-05
8.15497408353976e-05
8.1373018398660167e-05
8.1137235835840988e-05
8.0709846744427235e-05
8.0051403050450311e-05
7.9220648536099271e-05
7.8347905381556836e-05
7.7598845925287214e-05
7.7153741805758731e-05
7.7212987212241037e-05
7.8020123355912712e-05
7.9884130578060608e-05
8.3189333498342961e-05
8.8396454759797797e-05
9.6049006261284271e-05
0.00010679773458883597
0.00012144509375749245
0.0001410006145168453
0.0001667334381417532
0.00020021063078090557
0.00024331515648641245
0.00029824200194817355
0.00036747497748532696
0.00045375317646757768
0.00056004788420059798
0.00068958802733176867
0.00084599165798932203
0.0010335768105388368
0.0012579315433807606
0.0015268152255256157
0.0018514354890148219
0.0022480871321410405
0.0027400332611463019
0.0033593389185689131
0.0041481393379796568
0.0051585927920372796
0.006450644639135323
0.0080868608967594249
0.010124088598228198
0.01260255703961116
0.01553405956850935
0.018891703521937041
0.02260400809847524
0.026555641401506579
0.030595889645785065
0.034554404212944027
0.038262345989630783
0.041576073390069239
0.044400062664708501
0.046705693076605534
0.048542825699993228
0.050041911562235482
0.051405908407347455
0.052893499903236531
0.054797383702700014
0.057422722694776593
0.061070412068981589
0.066027558864151029
0.072564405262155116
0.080934263886139862
0.091372010478478871
0.10408755677243764
0.11925283537130613
0.13698305072508732
0.15731437384110625
0.18018060342839839
0.20539093786375379
0.23261055801046499
0.26134575026889073
0.29093594340719003
0.32055598637237437
0.34923265570054879
0.37587910326031232
0.39934930222835341
0.41851149101594348
0.43233560973227664
0.43998566066253675
0.44090491669676229
0.43488097150753713
0.42207936323401823
0.40303882352470322
0.37862729505576381
0.34996437667273705
0.31832129277642107
0.28501262260276783
0.25129427546909572
0.21827973290168964
0.1868822208980789
0.15778540002324321
0.13144053078646231
0.10808473710798785
0.087773331581416397
0.070419097438824657
0.055832525068188622
0.043758715300080152
0.033908466376674322
0.025982593260566893
0.019689617912133792
0.014757610935031567
0.010941247568218154
0.0080251825240965271
0.005824752525889829
0.0041848562188520596
0.002977684446283318
0.0020998069541847313
0.0014689795720143693
0.0010209247239800646
0.00070625608040828848
0.00048765878867716044
0.00033739251529039824
0.00023514989143082782
0.00016627513100800299
0.00012032585730731491
8.9945506499235586e-05
7.0003889450312638e-05
5.695905003383809e-05
4.8393694978607129e-05
4.2683294971205547e-05
3.8759430258602746e-05
3.5939870543090335e-05
3.3804955012111435e-05
3.210691320736826e-05
3.0704032305119208e-05
2.9514736622353117e-05
2.8487950812735549e-05
2.7586238162362492e-05
2.6777968797955017e-05
2.6034858152998574e-05
2.5331912321655337e-05
2.4647966070110051e-05
2.3966154551746093e-05
2.3274375111522933e-05
2.2565888366039939e-05
2.1839851535487897e-05
2.110118086381337e-05
2.0359096066313978e-05
1.9624152040876004e-05
1.8904328757740446e-05
1.820142981454873e-05
1.7509243649664099e-05
1.6814480436135464e-05
1.6100552624179072e-05
1.5353195855142014e-05
1.4566165567817486e-05
1.374509632892843e-05
1.2908131022787249e-05
1.2082921495556571e-05
1.1300722297023093e-05
1.0589178443771237e-05
9.9657849745052088e-06
9.4337831387008281e-06
8.9815490962821972e-06
8.5855558690272655e-06
8.2160381916966981e-06
7.8438287721461911e-06
7.4466312428191186e-06
7.0132751487964332e-06
6.545142673456286e-06
6.0547464476864315e-06
5.5621310670570602e-06
5.0901854644972877e-06
4.6600200355602608e-06
4.287331734935357e-06
3.9802822711335801e-06
3.7389963894917747e-06
3.5564591182029236e-06
3.4203999143441717e-06
3.3156889721938593e-06
3.2267982632850748e-06
3.1399575073948746e-06
3.0447377504148613e-06
2.9349112509773053e-06
2.8085594226613926e-06
2.6675196477723849e-06
2.5163591226312453e-06
2.3611204280492716e-06
2.2080876180907565e-06
2.0627754320998815e-06
1.9292637917131771e-06
1.8099090573186497e-06
1.7053859377051184e-06
1.6149649053535391e-06
1.5369138340401791e-06
1.4689239571469333e-06
1.4084881938381579e-06
1.3531926684805496e-06
1.3009108621940325e-06
1.2499095447464137e-06
1.1988856650753019e-06
1.1469555891268097e-06
1.0936154070995459e-06
1.0386863003211068e-06
9.8225418144597875e-07
9.2460907325136814e-07
8.6618726215383942e-07
8.0751795806641821e-07
7.491756170628702e-07
6.9173884539785981e-07
6.3575662144127271e-07
5.8172230388046437e-07
5.3005551583180087e-07
4.8109155501289513e-07
4.3507755827787719e-07
3.9217431650582556e-07
3.5246243828919978e-07
3.1595151050800631e-07
2.8259098473370398e-07
2.5228169603797862e-07
2.2488715353856964e-07
2.0024399041014298e-07
1.7817119397403783e-07
1.5847793358304189e-07
1.4096995576539659e-07
1.2545462154852192e-07
1.1174472501380746e-07
9.9661263022001611e-08
8.9035332715846168e-08
7.970932424112876e-08
7.1537558070607978e-08
6.4386494537161941e-08
5.8134621154529328e-08
5.2672103077212638e-08
4.7900264594742096e-08
4.3730955120207718e-08
4.0085841522470136e-08
3.6895659466363843e-08
3.4099449190704982e-08
3.1643795429609883e-08
2.9482086595305879e-08
2.7573804602729832e-08
2.5883853623085918e-08
2.4381933464152331e-08
2.3041961100226662e-08
2.1841542057071575e-08
2.0761491859177667e-08
1.9785406540847641e-08
1.8899280284540151e-08
1.8091167554257882e-08
1.7350886612600973e-08
1.6669761018134694e-08
1.6040395566035514e-08
1.5456483129681093e-08
1.4912638955889204e-08
1.4404259136084347e-08
1.3927400196401248e-08
1.3478677002519831e-08
1.305517644316514e-08
1.2654384627453409e-08
1.2274125595468054e-08
1.1912509792331099e-08
1.1567890788512454e-08
1.1238828940924905e-08
1.0924060879301093e-08
1.0622473870347469e-08
1.0333084259188494e-08
1.0055019314862145e-08
9.7875019159351098e-09
9.5298376053247629e-09
9.2814036222391546e-09
9.0416395853100913e-09
8.8100395565232929e-09
8.5861452617208588e-09
8.369540281784284e-09
8.1598450605319458e-09
7.9567126013786941e-09
7.7598247466832614e-09
7.5688889514339358e-09
7.3836354775862664e-09
7.2038149475581877e-09
7.0291962052905952e-09
6.8595644415383022e-09
6.6947195468269712e-09
6.5344746612040108e-09
6.3786548945019956e-09
6.2270961948084045e-09
6.0796443460350798e-09
5.9361540782098703e-09
5.7964882764416476e-09
5.6605172763908403e-09
5.528118235752797e-09
5.399174572641363e-09
5.27357546294986e-09
5.1512153897761966e-09
5.0319937388882029e-09
4.9158144349408109e-09
4.8025856138246558e-09
4.6922193270668381e-09
4.5846312747259523e-09
4.4797405636177622e-09
4.3774694881026191e-09
4.2777433309818236e-09
4.1804901823391504e-09
4.0856407744038015e-09
3.9931283307501921e-09
3.9028884283273587e-09
3.8148588709805009e-09
3.7289795732865933e-09
3.6451924536615864e-09
3.563441335786361e-09
3.4836718575457202e-09
3.4058313867163674e-09
3.3298689427717313e-09
3.255735124193318e-09
3.183382040786618e-09
3.1127632505167725e-09
3.043833700460894e-09
2.9765496714956116e-09
2.9108687263906382e-09
2.8467496610078824e-09
2.78415245834003e-09
2.7230382451448196e-09
2.6633692509667155e-09
2.6051087693407263e-09
2.5482211210183236e-09
2.4926716190443467e-09
2.4384265355533174e-09
2.3854530701523362e-09
2.3337193197757368e-09
2.2831942499099101e-09
2.2338476670861738e-09
2.1856501925661401e-09
2.1385732371303222e-09
2.0925889769071917e-09
2.0476703301742421e-09
2.0037909350722611e-09
1.9609251281771816e-09
1.9190479238843088e-09
1.8781349945532067e-09
1.8381626513796965e-09
1.7991078259447045e-09
1.7609480524204093e-09
1.7236614503821435e-09
1.687226708216452e-09
1.6516230670752494e-09
1.6168303053708957e-09
1.5828287237729014e-09
1.5495991306897784e-09
1.5171228282171727e-09
1.4853815985256037e-09
1.4543576906764356e-09
1.4240338078454204e-09
1.3943930949363789e-09
1.3654191265735822e-09
1.3370958954554608e-09
1.3094078010547254e-09
1.2823396386572658e-09
1.2558765887223808e-09
1.2300042065560474e-09
1.204708412283903e-09
1.1799754811201587e-09
1.1557920339510534e-09
1.1321450284934155e-09
1.1090217521949512e-09
1.0864097975963177e-09
