61.971477
61.242348
61.88356
62.138953
60.143354
62.011545
61.206704
62.339654
59.939078
61.887308
60.406598
61.42739
62.033681
62.063476
61.7125
60.416986
62.049299
60.993841
62.01715
60.498292
60.476135
62.151519
60.547887
62.141291
62.402835
60.231318
62.097378
61.843837
62.106336
60.348069
62.266661
61.05951
61.93306
61.790163
61.939218
61.948715
60.322795
59.898918
60.912345
61.66082
59.894593
60.090638
61.67291
62.340269
60.844222
61.956321
60.096049
61.696792
62.014579
60.195262
62.013898
60.74892
62.343003
61.770584
62.119668
62.017707
59.755486
61.099447
58.927256
60.08319
59.949039
60.387179
62.038609
61.857888
61.985927
61.760586
61.212242
61.988809
61.59629
61.69111
60.160864
61.677176
61.842539
61.561697
60.583239
62.106186
60.303663
60.870597
61.793644
60.780368
60.147905
61.93809
61.464925
59.705884
62.103124
62.067577
61.111244
61.700164
62.290027
60.99753
61.896565
61.962459
62.441102
60.518368
60.707936
62.214415
60.76542
62.127598
62.102505
61.744141
61.990462
61.914591
60.716119
60.189071
59.976762
62.141489
60.828428
61.066666
61.42899
60.319891
62.088546
61.924352
62.150941
62.058445
61.235626
61.70285
58.880364
62.779185
60.901402
61.940865
60.547474
60.995736
61.277994
61.741791
62.254439
61.161879
62.094532
62.233124
61.951301
61.084304
61.741483
61.318845
62.334891
62.79071
61.780065
61.66995
62.218627
62.009211
62.773974
62.072215
62.072291
60.715605
61.259008
62.107212
61.874465
60.64948
60.266979
59.395136
61.96392
60.218873
61.916673
60.148311
61.326878
62.138094
62.190992
60.681554
61.715052
61.501344
62.264439
62.180469
62.272512
62.177471
61.749488
61.823586
60.685175
62.0596
60.238343
60.444523
62.212761
60.666943
61.914849
65.608071
62.119529
61.603803
61.689599
61.479051
60.777967
62.12311
62.147729
60.39424
62.1468
61.354006
60.586745
61.85531
61.906088
60.108957
62.247573
62.499685
61.776399
61.720242
62.043517
62.294106
61.470285
62.087928
63.369278
62.420928
59.582396
61.839008
62.125896
61.606169
62.516893
59.834576
62.091941
62.642068
62.096253
60.362935
60.720712
62.225811
62.355921
61.959552
60.64594
61.807689
61.890784
61.91568
62.011662
61.127834
61.745123
62.111674
61.192794
61.884644
62.205166
61.74291
62.423781
60.88482
60.093554
62.802149
64.345806
65.515834
62.108561
61.724043
61.658131
60.37125
60.865881
61.400131
62.240683
62.44428
61.795164
61.876159
61.866527
60.589333
58.700685
61.723573
62.720477
61.638104
61.838989
62.092341
61.062697
61.900209
61.597688
60.286936
63.626587
61.973203
61.968111
61.563192
62.097561
61.180368
61.959267
62.128817
61.298845
61.835534
62.029511
60.12392
61.755722
65.285112
61.616495
62.20328
60.59568
61.823611
60.264564
60.265994
61.899205
60.255447
61.913464
62.127318
62.626711
60.58055
61.91069
61.917715
61.163867
61.677071
60.112746
61.684025
60.290793
62.173282
59.113373
61.928646
61.021947
62.056444
62.018872
61.314685
62.167792
61.843992
62.035835
60.26224
61.927234
60.649619
60.281245
62.077289
62.025884
61.986306
60.904839
60.814317
61.787261
62.316113
62.163692
61.294093
61.366413
62.068377
61.733515
61.904724
62.083188
61.341049
61.033301
62.215958
60.13797
60.93192
61.805868
62.066942
61.943273
61.905103
61.310843
62.187421
62.033251
62.004711
62.081918
62.090648
61.813828
61.868873
62.113368
61.96814
60.369003
60.156579
61.601661
62.190389
62.200974
61.989789
61.462907
62.265821
59.39342
61.90593
62.225544
60.309083
62.144244
60.450273
61.578118
61.917496
62.024125
62.080412
61.808724
62.327809
60.164868
61.908632
61.553587
62.094511
62.098497
62.506484
61.782782
62.350069
61.938777
60.506972
59.998383
61.994671
60.374552
59.249164
61.854025
61.206491
60.545689
61.292296
60.872419
61.748325
64.495506
61.668045
59.979073
60.06137
61.889617
61.609505
61.726072
61.930032
61.822032
61.973073
61.986046
62.056864
62.058581
61.158032
60.49893
60.754651
62.20217
61.961079
62.471274
62.01384
62.09316
60.988095
62.26036
61.894884
61.78049
62.069151
61.843368
62.109905
60.804417
60.523208
61.886785
61.775536
61.647463
60.563747
62.037814
60.625364
61.912848
63.416233
61.946748
60.00011
61.129703
62.079318
62.0646
61.722851
60.291899
61.563037
62.396297
61.89926
60.212516
61.262085
61.999879
61.203947
62.176044
61.17936
61.822759
60.730386
61.813039
61.995933
60.235466
61.955458
60.010148
61.941845
62.109879
61.615812
61.867499
61.766946
61.763333
61.590854
62.047734
61.903975
61.676867
60.227469
61.788089
61.314006
61.952349
62.199335
62.091522
61.26174
61.91634
60.305734
61.83729
60.439671
61.904576
60.849969
62.062775
60.376757
62.006968
62.638031
60.247748
60.500189
61.781887
59.840534
61.853639
61.599295
59.0053
62.334423
61.031114
61.836053
62.082662
62.280527
62.307871
62.152677
62.352127
61.354844
58.771833
62.284796
61.560114
61.703213
61.839492
62.032369
60.304104
62.228666
62.118625
61.870086
62.078113
60.293429
62.235225
61.314888
62.095075
59.36495
61.711487
62.288083
63.398374
61.811874
61.975235
63.284249
60.03985
60.684837
61.263106
62.108602

