54.381987
53.603294
55.049199
53.99876
54.574458
52.290454
54.037315
54.597288
54.316461
54.225492
53.963721
54.67073
53.327991
52.555306
54.53699
54.202597
53.896122
53.79638
53.766774
54.321726
54.434228
54.02303
54.775732
54.172172
53.938076
53.873879
54.684437
54.23256
54.088581
54.003396
54.466619
54.546473
54.216064
54.320423
52.31493
54.034115
54.42836
54.418881
54.242004
54.25216
54.008657
54.3816
54.259236
54.231158
54.111999
54.10969
54.341708
54.761942
54.173261
54.483235
54.990494
53.939603
53.905799
54.699438
54.919473
54.495301
54.215968
54.231778
54.155929
55.462425
54.97391
54.492195
54.04257
53.690061
54.584689
54.428534
54.737846
53.948068
54.106374
53.5099
53.08889
53.309655
54.42438
54.052586
53.845967
54.220716
52.614503
55.814696
54.369855
53.182551
54.072553
54.190762
54.188748
54.047828
54.362494
54.181357
54.176441
53.92988
52.448709
54.224934
54.444336
54.214171
54.632863
54.604555
54.259298
54.364298
54.488086
53.986428
53.936326
54.707653
54.018342
53.85275
54.360944
55.15325
54.805733
55.188532
54.41239
51.957525
54.515371
54.317858
52.494211
54.207608
54.041918
54.320544
54.68135
54.095735
54.782497
57.186346
52.181238
54.04044
54.70719
53.95502
54.502244
52.9915
54.263273
54.442462
53.934162
54.4116
54.996011
53.954527
54.175942
54.215457
54.727081
54.567183
54.473755
53.779824
53.946231
54.022373
54.417288
54.494801
53.151152
54.438884
54.811175
53.479351
53.849493
55.215255
54.339632
54.768494
54.107522
53.931888
54.577003
54.397222
55.039795
52.225159
55.849308
54.674909
55.136852
53.768067
54.427889
55.02066
54.138093
52.987578
53.625285
55.854474
54.185785
54.230664
53.593861
53.056287
54.305554
54.896619
54.272747
54.463776
54.611936
54.279366
53.760438
54.134039
54.372455
54.450619
54.243218
53.896242
53.800365
54.335678
55.650063
53.973666
54.314804
54.495224
56.36326
54.150164
54.468177
53.863059
54.188719
54.229562
54.365918
54.235211
55.228656
54.411163
54.01713
55.162846
54.550596
54.221041
54.111587
54.021839
54.391137
54.144119
55.284006
54.643752
53.940183
54.609783
55.613691
53.906113
54.720221
54.654084
57.058746
54.570796
54.529535
54.383648
54.27796
53.532515
53.867226
52.662214
54.834434
54.359824
53.42125
53.264885
54.878747
54.418404
54.640915
53.823072
53.814321
54.54422
52.240908
54.414621
54.231302
54.172864
53.938226
54.730538
53.986353
54.115451
54.630366
55.266201
54.660142
54.246178
54.366238
54.292683
54.806674
54.22992
54.79919
54.293562
52.369007
54.223702
53.681271
53.926331
55.821263
56.597508
54.542775
54.215164
54.097686
54.787726
53.914542
54.355258
54.302044
54.861485
54.367896
54.443486
54.637099
54.253585
53.888942
51.859963
54.489953
54.122054
54.566012
54.601959
54.220249
54.09645
54.349197
54.25011
53.996822
54.708022
54.177182
54.078045
54.89214
53.425931
55.07947
54.037073
54.26012
53.718441
54.12246
54.266511
54.198951
53.719485
54.45334
54.259442
56.770632
54.404699
54.09404
54.461799
54.258157
54.485886
53.890989
56.401259
54.61653
53.993632
54.178689
54.298219
54.166667
55.215827
53.779104
54.698915
53.821756
54.312849
54.677279
52.548
55.017188
53.707733
54.5628
52.14605
54.373512
54.207673
53.989143
54.279112
54.084476
54.129705
54.31808
54.210885
53.940258
55.386749
54.149748
54.86883
53.937951
54.455289
54.445278
54.07158
54.021485
54.66554
53.895198
53.628196
54.003371
53.93621
53.835352
54.620648
53.492495
54.327158
54.514007
54.282573
53.853189
53.602913
53.818665
54.035152
54.308841
53.517349
54.006734
54.605734
51.631081
54.33594
55.028215
54.19239
54.346022
54.377519
53.756666
54.687042
55.664182
55.005652
54.271282
57.059628
53.766257
54.168589
54.92091
53.727045
54.254966
54.525671
53.975505
54.019236
54.47519
53.589852
54.054369
54.410861
54.983606
54.228043
53.960791
54.207276
54.405418
54.035686
51.577274
54.513705
54.842635
54.283488
53.818691
53.335754
53.995582
54.589483
54.023457
54.084021
54.481972
53.934457
54.299219
54.362121
54.659558
53.78195
54.603098
54.532899
54.58726
54.615032
54.022468
54.081725
56.594294
54.465374
52.537406
54.045157
53.498897
54.48499
54.383817
52.584095
54.506731
54.420844
54.164888
54.111888
54.360289
54.904787
54.396785
54.677293
54.311875
54.913729
54.519099
54.730169
54.442531
53.946484
54.305678
53.859172
53.787244
53.808584
54.446136
54.657386
53.921918
53.96109
53.86629
54.362
52.95222
53.513544
54.424931
54.172182
54.180898
55.148115
54.721416
54.390864
54.245277
54.39617
54.164751
54.132732
53.69164
55.117144
54.576966
54.107172
54.343169
54.429292
54.376144
53.816872
54.266005
54.067571
54.577699
54.702467
54.629033
54.585924
54.770043
57.5641
54.680619
54.258409
54.191279
54.152144
54.554157
54.757728
54.56964
54.312026
54.342475
54.78459
54.768284
54.260145
54.002105
54.202531
54.138637
52.066851
54.459147
54.0914
54.44226
54.17317
54.292488
54.444159
54.271993
54.495891
54.234914
54.054399
54.253249
54.245152
54.19197
57.343174
53.615536
53.55051
54.337057
54.643088
57.98136
53.153914

