58.464489
58.521808
58.653131
64.758635
61.722085
59.09868
62.060839
59.917092
58.605849
58.837976
59.605844
58.068933
58.143651
59.715406
58.815051
59.622804
58.51288
58.99821
62.490362
65.100613
62.810674
57.834023
58.773331
59.983705
63.076011
60.134114
60.084919
58.627112
61.104279
58.010806
59.145462
58.369884
59.506646
58.614864
58.980778
58.663029
58.856531
58.85024
62.226791
61.957285
63.949111
59.316381
59.001503
64.006851
60.920073
59.057893
59.187214
59.833269
58.471004
61.612713
58.123392
58.403726
60.338042
59.60243
61.667704
63.36614
59.143786
62.223953
60.987755
58.115744
58.859601
59.287649
59.831058
58.932554
59.69707
64.277237
62.234473
58.379841
58.189518
58.825481
58.132738
58.885666
64.185614
59.048498
58.517175
59.94498
59.534098
60.500915
60.824791
62.846916
58.556243
58.911971
60.138125
59.302824
58.506197
59.075257
61.134878
62.180272
62.162529
62.56534
57.887531
64.973163
59.270424
58.136112
58.702433
59.610997
59.443886
58.484836
63.187216
62.60921
62.769032
62.544065
59.933729
61.914285
57.895621
60.100589
62.472904
58.533516
58.39381
58.915948
64.214671
60.252475
59.255509
61.667532
59.500251
59.998241
59.876102
59.85936
60.239139
62.893071
62.178304
58.497603
58.954543
63.105889
62.626184
60.014419
62.480354
59.039147
60.583476
64.092689
62.19531
58.616117
62.051156
59.188859
59.556678
59.364096
58.426848
59.23406
58.644152
57.332587
58.822428
58.46461
59.120757
59.83382
64.849841
58.646078
59.461313
59.951748
58.7026
58.650369
60.573947
61.185992
61.195973
59.895048
60.613816
58.522783
60.640477
63.327028
61.067274
61.364053
62.22227
59.274304
58.700199
58.392299
59.330571
60.986797
62.47192
58.391004
58.998148
59.651668
61.724452
58.841509
59.609799
59.713328
58.847312
63.689804
62.169802
58.499588
59.910527
58.315696
59.316902
62.712062
60.072848
59.59533
59.924859
57.333916
58.372098
59.573118
61.588538
59.499649
58.710494
59.417502
59.481588
60.537221
58.430276
59.391694
63.292149
63.120536
60.819552
59.082725
58.831859
58.861785
57.851434
59.352087
59.172432
58.464255
61.190936
59.850646
58.221595
58.380339
59.844825
58.500703
64.66562
61.236019
58.379656
61.954191
62.299282
58.290705
58.99696
59.573873
60.189142
57.54891
58.900845
62.214547
62.364043
63.480766
58.535321
58.968432
59.619681
58.495418
59.065173
58.035846
59.106659
58.906342
58.210898
58.500096
58.792808
58.733931
59.173277
61.60911
59.749425
59.762545
59.33055
61.902752
62.37821
62.068696
58.419476
62.961888
60.329126
63.061812
59.404742
62.623612
58.302374
58.278291
58.487919
59.546037
63.240498
59.159226
59.248924
62.900669
57.914328
59.588694
58.09483
59.55828
63.906928
59.064211
58.18041
60.415377
57.981344
61.436671
59.498673
62.456002
59.053128
57.978912
58.930782
59.348399
63.530307
60.330576
58.895814
63.538251
58.132817
58.913719
58.919181
65.320833
59.282471
62.165444
58.32107
59.303829
58.778334
59.010283
59.816188
58.827903
62.197906
59.244028
58.365435
58.664774
61.921367
58.847298
61.652211
58.761454
64.671349
60.060139
63.591642
60.177029
59.693953
59.326047
58.006277
58.966703
61.72328
62.394365
58.859259
60.049138
58.291809
60.40953
63.334688
62.238551
59.236983
58.413837
59.522115
60.973329
61.111274
61.746126
59.643674
58.242159
62.738944
60.00306
58.592069
58.848788
59.220014
58.853128
57.984873
61.264062
58.540544
58.406276
61.015171
59.511589
58.349552
62.904356
61.004561
58.46537
61.964162
58.559981
58.10993
59.021443
60.943207
58.083399
59.711398
59.672013
59.376515
62.499021
58.581745
58.903583
62.468222
59.872116
62.108877
63.078655
60.175204
60.238226
64.183263
62.683715
58.157287
59.291968
59.478841
62.616268
59.522662
63.287348
58.516257
59.056083
59.361044
62.369253
61.029026
60.713756
59.115937
58.545168
62.405419
58.375845
58.516696
59.19293
58.09778
58.662836
60.068897
59.551847
59.117318
58.113463
58.545958
59.167448
57.875055
59.358074
58.138061
58.519983
59.875316
61.793984
60.455997
59.719446
64.105769
60.468974
58.945364
62.477203
63.281822
58.822768
59.219737
60.853291
59.490976
58.027419
62.320341
59.277171
58.3597
62.882517
59.407843
59.530414
58.75566
59.129381
58.611668
57.715891
59.237262
58.978948
59.221899
59.086127
63.31584
58.437294
59.716914
58.47464
59.33005
58.902409
59.3447
58.053803
59.421939
61.152823
60.081685
60.969294
59.471673
58.583205
60.188555
59.596766
60.097618
58.249103
58.457852
61.314949
62.864896
63.846883
58.919647
58.361457
60.412809
60.879014
58.349492
58.98364
58.669374
62.819757
63.880784
59.311266
62.472903
58.490957
62.132827
58.649942
58.941264
63.056361
58.280686
58.362002
61.393807
58.306633
58.777746
59.326804
58.343088
60.754117
58.204704
58.722077
59.084075
63.209732
62.552541
59.420976
58.969579
59.940595
59.597248
58.646014
59.486016
57.677
59.917739
61.081137
60.603869
58.061471
59.170933
57.255593
61.0939
58.486801
58.064017
58.100976
58.956134
61.210455
57.998959
60.895117
59.237207
58.145391
58.825002
59.112402
60.4516
59.990003
58.79734
62.135611
58.503577
61.056038

