62.63212
62.904866
62.69905
62.247407
62.919327
62.850023
62.73094
62.914979
62.024125
63.452479
62.360279
62.275258
62.957661
59.183365
61.934805
62.745503
62.390522
62.946596
63.27119
62.548153
62.173471
62.508353
62.890135
59.549541
62.840194
62.681984
62.75009
62.475017
62.397492
62.558979
62.409465
61.509302
63.110644
62.068531
62.805596
62.344693
62.930698
63.038903
62.596594
62.6226
62.397094
62.48836
62.79988
62.62538
61.915752
60.125726
62.749837
62.771234
63.153864
62.836152
62.244519
62.759782
62.471608
62.937455
62.779408
62.593316
64.000864
63.114248
63.579375
59.86707
61.159178
62.665313
62.703227
62.656291
62.177876
62.355825
62.553914
62.870588
62.501075
62.842147
62.582157
61.530747
63.173123
62.639124
62.800713
62.736272
61.676894
59.883033
59.530825
62.627989
62.867233
60.327619
59.439629
62.147566
62.881537
63.065905
62.692106
62.397904
61.881874
62.742029
62.996846
62.50423
62.856279
62.545024
62.919884
62.769486
64.324164
62.313506
62.383907
60.024682
63.232096
62.602191
62.293454
62.540424
63.104412
62.115262
62.315105
63.360516
62.803447
62.448834
62.374005
62.992094
62.264114
62.734194
62.19926
61.971536
63.025285
63.341776
62.698144
62.852388
62.438968
63.330414
62.905027
62.347173
63.241288
62.549901
62.645453
62.824382
62.058924
62.754231
62.250868
62.745948
62.778191
62.600151
63.277516
62.418432
62.260215
62.898556
61.492856
62.689034
63.023406
59.492261
62.555298
62.661668
62.579438
62.509574
62.493217
62.616028
63.593577
62.851407
61.951525
62.295696
62.603044
62.38865
62.685245
62.445544
62.647504
63.193295
61.858815
62.509893
59.822506
62.803131
62.582398
62.209012
62.75829
63.024239
62.712167
62.767968
62.009358
63.06439
62.669272
62.488955
62.621052
62.598185
60.37849
62.790838
62.296892
62.29279
61.038195
62.719471
59.031671
62.326692
62.521126
62.578355
62.957963
59.453759
60.057005
62.254659
62.544649
59.368391
62.621416
61.359132
62.704508
62.684892
62.682417
62.400295
63.20892
59.607042
62.58918
62.875228
63.091378
62.822093
62.623382
62.489534
62.696459
60.542936
59.828318
63.108513
62.656941
62.862613
59.960637
62.790144
62.277663
63.211162
62.060692
59.903729
62.395739
62.706827
62.047587
62.434712
62.472033
62.484542
62.388566
62.977641
62.504756
62.835282
62.591592
63.348344
62.687284
62.984234
62.98142
60.217588
62.260136
63.480815
62.172831
62.212933
62.568054
62.980372
62.723486
62.284252
63.064661
62.419014
62.808194
58.974326
62.461703
62.860895
62.401143
62.060572
62.544519
62.55151
60.23078
62.71837
62.424951
62.340306
62.454823
62.736083
62.220112
63.292041
62.896362
59.900325
60.898054
59.942576
62.503965
61.847724
62.13764
63.120623
59.982393
62.733085
62.02305
62.786432
62.630324
62.443601
62.825578
62.678709
62.74936
61.451658
61.733304
62.853243
62.550387
62.80894
62.722688
62.643328
62.568919
62.864559
62.767408
62.246939
62.251867
62.221391
62.567106
62.727327
62.224022
60.232929
62.234851
62.397951
62.293733
62.261581
62.676585
62.900627
62.461787
62.591034
62.679255
62.587331
59.53216
57.861797
61.643773
62.282258
62.416293
62.283047
62.541403
62.925117
62.800734
60.255917
62.322013
62.186738
62.504065
62.522541
62.982031
62.629764
62.244846
62.33323
62.529315
62.378257
63.187007
60.412571
62.563218
63.001
62.931651
59.69535
62.696604
62.521082
62.470555
62.779471
62.354432
62.181547
63.28123
62.847309
62.730972
62.707284
62.563917
63.098632
63.041103
62.284261
62.081644
60.200912
62.306497
62.207421
62.437514
62.497719
62.392432
62.697434
62.479637
62.563781
62.527427
63.31079
62.556827
62.309804
62.368964
63.19919
59.736039
58.940413
62.983581
62.680765
62.609269
62.910174
62.551037
62.479379
62.658401
62.791029
62.560608
62.410207
59.824406
62.507969
62.230481
59.938538
60.45241
62.742824
62.124243
62.589693
62.374384
62.659361
63.135966
62.196419
62.099839
62.705677
62.62448
62.042182
62.766594
62.342732
62.793901
63.128728
62.870053
62.766293
63.274873
61.679285
62.47153
62.069528
62.395289
63.79085
62.915795
62.241333
62.441187
62.261646
62.399639
62.791217
62.885266
62.692053
62.802197
62.221417
62.424034
62.420717
62.380014
63.077098
62.378682
62.515739
62.571709
62.541413
62.659844
60.158665
62.468508
63.18338
62.861065
62.917072
62.96527
62.482
62.280871
62.518073
62.486342
63.364246
62.615239
62.500905
59.523694
62.235318
62.958986
62.505872
63.062921
63.370754
62.470691
62.801547
62.630004
61.738164
62.055109
62.017663
62.698265
62.732655
60.402329
63.604255
63.059018
62.178046
62.684315
62.818101
62.663786
62.287741
62.447471
62.909485
61.983064
62.744528
63.18515
62.576707
62.502092
62.587638
62.58022
60.009365
62.610445
62.208265
62.316009
62.934509
63.169954
62.241014
62.782627
60.607398
62.535444
61.192326
62.851999
62.190015
62.321898
62.712777
62.376081
62.305252
62.433744
58.782439
62.700236
62.6323
62.752164
59.497924
62.13212
62.735278
62.276213
62.631373
62.59211
62.95506
62.051442
63.084336
62.500583
62.045862
61.834987
59.452029
62.651727
62.616255
59.685482
62.529817

