55.043025
54.317713
54.719148
55.384326
54.90982
55.131828
55.443747
54.934047
55.062108
54.980699
55.042611
55.008595
54.904499
55.019317
54.983356
54.593552
55.153862
54.828579
55.269217
54.80787
54.806639
55.231417
54.933298
54.459042
54.709334
54.460481
55.076948
54.831058
55.722366
55.080177
54.628384
52.518087
54.591679
54.977374
55.124777
54.806375
54.849588
55.471908
54.886498
54.546674
55.25686
54.937249
53.129274
54.897605
55.267256
55.841085
54.92799
55.681989
54.399099
54.793997
54.78264
55.508624
53.924155
54.681304
55.640538
55.529223
55.279399
54.781388
54.575368
54.805756
55.571697
54.782838
54.532232
54.987956
52.061244
52.96399
55.028507
55.417667
55.43708
53.716922
55.143896
54.891918
55.289168
54.959493
55.190693
55.271396
54.803058
55.349373
54.850028
54.51982
54.948465
54.952014
54.823577
55.113209
55.322186
54.889255
54.833435
54.45261
54.499203
55.043898
54.887687
54.636562
54.352452
54.810303
54.816249
54.934232
55.323601
54.724456
54.899452
54.888678
54.721651
54.921056
55.041835
54.909706
55.201562
56.017771
54.943039
55.20577
54.85593
54.749993
54.605749
52.936563
55.079713
55.183583
54.804348
55.09332
55.013698
55.108003
52.547972
54.940629
55.220513
54.984723
53.478999
54.802489
54.641269
54.713245
53.769573
54.768152
54.2617
55.196082
55.04954
55.018096
55.343457
55.06272
55.074641
54.917123
55.208364
54.84263
54.969395
54.643303
55.00871
55.162953
55.096775
54.740546
52.84737
54.81228
54.859511
54.581972
54.920826
55.013797
54.483068
55.527473
54.614692
55.270014
55.002335
55.389861
54.783642
55.165723
54.940031
54.929076
54.975467
55.087941
54.311885
55.696337
54.842465
54.968299
55.295991
55.758247
55.139689
55.117515
53.139471
55.020916
54.747855
54.933097
54.811742
54.726766
54.672796
55.113636
54.947653
55.712705
55.023392
54.945937
55.581051
55.086347
54.710358
54.637514
54.972587
54.921633
55.372297
54.947906
55.367694
53.89962
54.952257
54.406801
55.276361
55.203754
54.589271
54.92895
54.684658
54.969619
55.293066
55.321143
55.287085
55.287992
55.243504
54.956135
54.763597
54.727637
55.162518
54.390434
54.649134
54.858733
54.899609
55.485067
54.795406
54.947835
53.483317
54.933892
55.134332
55.312082
54.561314
55.142786
55.02095
54.957149
55.648664
55.395611
54.552385
55.507841
54.81889
54.70442
57.227223
57.471341
55.047735
55.087627
52.571815
51.102186
54.831311
55.02433
53.929602
54.662974
54.789432
55.238786
55.451626
54.846552
54.911538
54.850702
54.95377
55.218767
54.999051
54.833731
55.375391
54.728073
54.733557
54.774541
54.595222
54.929757
55.139906
54.882418
54.992997
54.996645
53.981183
54.894261
54.825407
54.871794
54.70231
54.809259
52.208375
55.224409
55.371912
55.076713
55.057942
55.265543
54.859922
55.003197
54.767988
54.390224
54.771631
54.58899
54.723762
54.939751
55.023903
54.269619
55.028106
54.763984
54.610039
54.997642
54.685612
55.130504
54.38202
54.678365
55.169683
55.120077
54.931397
55.215313
54.917907
54.706857
54.270245
55.306875
54.844699
55.198704
55.290185
54.896368
54.810361
54.652734
55.344993
54.830161
55.111088
55.07744
54.648602
54.831599
54.812772
55.151286
55.453177
54.868602
54.738013
54.651653
53.489496
55.138315
54.355836
54.87574
54.76334
54.813966
54.784307
54.598646
54.602667
55.10622
55.458513
54.643336
55.444527
54.894884
55.051762
54.85675
55.338255
55.566653
54.522906
55.314331
54.810039
55.561602
55.209948
54.628584
54.663606
53.11324
54.988904
54.691648
55.655499
52.809487
55.134197
54.725484
55.018882
54.911176
55.162319
55.129895
55.295093
51.98802
55.772429
54.473716
54.891188
55.078192
55.25162
55.103779
54.687634
52.743497
55.439969
54.714687
55.135247
55.082625
55.053961
55.498365
54.996345
54.852009
55.046373
55.209101
52.713834
55.099042
54.746122
54.854601
54.766367
54.947306
55.12755
54.251852
55.000595
53.850321
54.696273
55.485597
54.727273
54.895053
54.987772
54.937516
54.54826
54.040121
54.368982
55.319118
54.698839
54.133897
55.307645
55.155919
55.239913
54.906233
55.115471
55.122591
54.897841
55.200603
54.899442
55.090425
55.931533
55.028442
55.027276
54.825368
55.556921
54.88146
54.933342
54.918244
54.813424
54.519137
55.429972
55.420575
54.716602
54.706553
54.625397
55.63159
54.472784
53.064823
54.707137
54.925161
55.335431
54.811553
54.688955
54.587245
55.258559
54.506937
54.913283
54.738013
55.272399
54.745334
54.933574
55.389808
55.462845
54.632138
54.805551
55.428047
55.060566
55.387126
54.966682
55.495355
55.613006
55.37237
55.337207
54.538683
55.156602
54.883248
54.527891
54.306186
54.811629
55.285024
54.978506
55.047629
55.282528
54.486038
55.07165
54.689701
55.367602
55.001939
54.358937
55.225323
54.618677
54.992027
54.739683
55.056332
55.148073
55.013244
54.259142
54.918138
54.790342
54.721297
54.735646
54.922816
54.908773
51.494782
54.729653
55.399199
56.00191
54.848397
54.888057
55.207266
55.17192
54.46513
54.361153
55.02326
57.235865
57.198273
54.997257
54.838914
54.854206
54.519646
55.350546
52.802052
55.458962
54.491522
55.21
54.80309

