60.587416
61.437846
61.402733
60.334537
61.321141
60.468623
61.581847
61.517483
60.543387
58.284965
60.457942
60.609942
61.882044
61.090821
59.862048
60.852384
60.118166
62.296708
60.274592
60.525769
61.44081
60.92754
61.593399
60.722526
61.663156
62.806211
62.947108
60.368371
62.737921
61.108438
62.379249
60.840464
60.916844
62.221941
58.09699
60.759035
61.4431
61.276197
63.259649
60.806982
61.720786
62.504453
60.94614
62.208282
60.479223
61.526284
61.187094
62.555463
62.711468
62.651025
58.393637
61.640865
60.305904
61.2133
61.949755
60.548863
60.948473
61.116716
61.457243
59.647925
61.001844
61.378018
60.181825
62.029565
60.186267
61.445626
62.240154
62.096602
61.012073
61.279007
60.540082
61.563286
60.811669
60.351681
62.499742
60.48909
60.701077
60.485672
59.387
58.923297
61.252905
59.452595
60.988839
58.771935
60.555201
61.599617
62.591273
62.970554
62.020117
62.037338
60.486891
61.156959
62.329691
62.153115
61.478786
58.896087
60.998103
61.451995
60.631327
62.917642
60.638422
60.804233
60.965199
60.911544
61.012001
57.839123
62.693147
61.67177
62.141532
62.713523
61.374901
61.222649
58.88621
64.419468
60.362101
60.675926
60.501657
61.452657
62.432591
63.487798
62.511921
62.878174
60.792168
59.553794
62.510916
60.544456
60.837806
62.182748
60.653297
61.533273
63.275232
61.517568
61.499692
62.168995
61.658645
62.249602
62.83726
61.255986
62.623035
62.414409
62.297952
62.678204
61.011709
60.509945
60.925472
65.39912
61.244718
61.852367
62.014025
62.393496
61.860961
61.405786
60.745833
60.190074
62.75385
60.298924
61.898133
59.857056
60.603812
57.7981
62.637062
62.18753
59.963732
61.577586
61.216443
58.894123
61.426685
61.933883
62.650068
61.556169
60.681928
61.438849
61.23762
59.826931
60.592823
61.707224
63.303465
61.963413
62.243692
60.733596
58.607365
59.087414
62.522968
59.151286
61.096892
60.215962
59.958038
61.920607
60.522159
61.536617
61.344271
60.936079
60.623888
60.784799
60.606698
61.379911
61.412096
62.939457
60.752098
59.177944
62.059059
61.485934
62.725667
60.590355
58.058017
61.5176
61.012658
61.005597
61.852042
62.369541
62.956695
61.49358
62.226584
60.046756
62.655346
62.961141
64.409347
61.702404
60.60809
61.392864
61.492981
63.160118
62.885859
62.823679
61.350433
60.727969
61.440625
62.022047
60.615842
61.494456
60.187955
61.475123
63.090041
60.393168
61.25301
62.280989
60.066764
61.066341
60.033613
59.726424
61.850403
59.677643
61.712627
57.801139
62.303357
60.966015
60.768186
60.435556
61.60067
62.58837
61.979517
62.252218
59.997847
62.860315
62.670298
60.809784
61.565433
62.285351
61.504257
61.29364
61.918799
61.008869
60.632073
59.071539
60.865786
61.176089
59.852287
60.595614
64.421349
62.667146
60.706112
59.880891
60.752566
60.778536
60.793494
59.600071
60.583278
61.45228
62.876925
61.463593
61.854242
62.125164
61.93692
60.444573
62.621236
60.869202
61.593015
59.680686
61.214251
61.837445
61.871291
59.816081
60.728228
62.284123
60.657873
61.547728
65.275753
60.847848
60.842655
62.004661
60.749998
62.067113
60.358871
61.573023
60.359452
61.106812
60.336376
62.260928
60.199697
61.018326
62.125031
59.679458
61.325509
62.208952
63.131084
60.439956
61.27818
60.631929
61.0058
62.092405
60.773265
61.31224
62.572182
61.996526
62.588716
60.089712
60.408794
60.092356
60.646005
60.805972
60.505871
62.504851
62.036062
60.335121
61.421019
61.050351
61.151224
60.938128
61.043896
60.579617
61.482398
62.696088
61.589744
60.417322
61.10285
63.249416
60.53006
61.678877
60.905471
61.166077
60.676023
61.614442
60.474054
61.945938
59.004783
60.48449
61.425813
61.102168
61.401381
60.508334
61.242747
60.845784
61.575394
62.600537
60.833456
59.021007
60.524119
60.023195
62.893821
63.113392
61.037099
62.799038
61.314123
60.199699
61.054592
59.028383
60.809046
60.391079
60.475606
60.763012
61.525995
61.625619
60.699603
60.828589
60.866609
64.32754
62.699945
62.870419
59.121683
60.33361
61.722121
63.391169
61.236163
61.720508
62.156797
62.402894
60.003934
60.857676
63.043179
62.126553
60.944617
61.024833
61.607193
60.965515
56.688035
58.361429
62.930386
63.20091
61.297509
62.30211
60.97396
61.234019
62.702776
62.826462
60.917081
61.710647
60.870451
61.496946
62.247457
62.001371
58.733903
62.668601
61.458043
60.281754
61.893061
60.461775
60.243905
61.702968
60.055024
62.010624
62.724735
60.606187
60.996736
60.506871
57.658618
59.139292
61.530158
60.635373
62.031156
61.030485
61.717045
62.483821
58.70786
61.713254
62.140899
61.625553
61.117353
61.815081
62.649517
61.96096
60.052113
60.488258
60.291954
61.69395
63.624706
62.184965
62.732226
62.974453
61.084371
59.434283
60.933938
59.489269
62.024517
62.59648
60.237612
62.863276
60.840594
59.043719
60.846471
62.007769
62.012844
60.363846
62.914846
60.858058
61.136934
61.243345
61.183165
60.597826
61.561209
63.139813
62.77691
61.13468
61.372287
61.69321
62.639472
61.567822
63.326335
62.184328
63.412622
63.08993
60.784379
61.404891
61.836091
62.419739
65.071016
60.287827
60.754118
60.596479
60.348154
63.024073

